0  1.43346
0.05  2.05639
0.1  0.941677
0.15  1.82902
0.2  1.4922
0.25  1.63098
0.3  0.78683
0.35  1.81161
0.4  1.54588
0.45  0.775856
0.5  1.37289
0.55  1.71398
0.6  1.76859
0.65  1.14471
0.7  1.37064
0.75  1.33776
0.8  2.04429
0.85  1.03232
0.9  0.670485
0.95  1.38724


0  3.0194
0.05  4.86937
0.1  1.17319
0.15  4.23445
0.2  3.00686
0.25  3.15764
0.3  0.732441
0.35  3.69513
0.4  2.54793
0.45  1.50777
0.5  2.38214
0.55  3.74344
0.6  3.61456
0.65  2.16152
0.7  2.64196
0.75  3.06657
0.8  5.26323
0.85  1.15204
0.9  0.693155
0.95  2.53555


0  6.85822
0.05  12.7791
0.1  1.75924
0.15  11.0776
0.2  6.86678
0.25  6.96296
0.3  0.740933
0.35  8.22476
0.4  4.46863
0.45  2.668
0.5  4.45761
0.55  9.461
0.6  8.31319
0.65  3.45726
0.7  5.91684
0.75  6.94863
0.8  16.4146
0.85  1.36435
0.9  0.751033
0.95  5.22125
