0  1.38059  0.00152566  0.0196309  0.0312492
0.05  1.37923  0.00152646  0.0542927  0.0312805
0.1  1.37549  0.00152836  0.0869783  0.0313938
0.15  1.36951  0.00153169  0.118534  0.0315932
0.2  1.36139  0.0015368  0.147754  0.0318869
0.25  1.35133  0.00154408  0.175285  0.0322813
0.3  1.33949  0.00155397  0.198645  0.0327881
0.35  1.32619  0.0015669  0.22002  0.0334084
0.4  1.3116  0.00158305  0.237992  0.0341487
0.45  1.29599  0.00160263  0.252675  0.035008
0.5  1.27962  0.00162547  0.267517  0.0359788
0.55  1.2625  0.00165138  0.280437  0.0370642
0.6  1.2448  0.00168018  0.290467  0.0382618
0.65  1.22672  0.00171159  0.30043  0.0395617
0.7  1.20829  0.00174528  0.309827  0.0409613
0.75  1.18957  0.00178089  0.319081  0.0424544
0.8  1.1706  0.00181799  0.328299  0.0440367
0.85  1.15138  0.00185629  0.33685  0.0457062
0.9  1.13199  0.00189547  0.345561  0.0474576
0.95  1.11243  0.00193527  0.353243  0.0492889
1  1.09278  0.00197529  0.361572  0.0511935
1.05  1.07303  0.00201548  0.37056  0.0531723
1.1  1.05314  0.00205553  0.378087  0.0552276
1.15  1.03324  0.0020953  0.38601  0.0573536
1.2  1.01329  0.00213468  0.393998  0.0595505
1.25  0.993332  0.00217344  0.400821  0.0618195
1.3  0.973424  0.0022115  0.409888  0.0641496
1.35  0.953475  0.00224857  0.417822  0.0665568
1.4  0.933555  0.00228495  0.424523  0.0690435


0  2.37155  0.00405542  0.141335  0.316546
0.05  2.36831  0.00404979  0.401205  0.3162
0.1  2.35915  0.00403349  0.643067  0.319702
0.15  2.34477  0.00400815  0.879057  0.326899
0.2  2.32574  0.00397477  1.10186  0.33811
0.25  2.30294  0.00393471  1.31644  0.353579
0.3  2.2772  0.00388956  1.49955  0.374067
0.35  2.24981  0.00384156  1.67537  0.399589
0.4  2.2215  0.00379185  1.82292  0.431194
0.45  2.19328  0.00374213  1.94935  0.469351
0.5  2.16585  0.00369328  2.08919  0.51438
0.55  2.13932  0.00364587  2.21568  0.568461
0.6  2.11412  0.00360031  2.31135  0.633416
0.65  2.09075  0.00355758  2.41234  0.709846
0.7  2.06917  0.00351803  2.51327  0.80044
0.75  2.0494  0.00348134  2.63087  0.907796
0.8  2.03131  0.00344708  2.75779  1.03672
0.85  2.01484  0.00341572  2.89116  1.19294
0.9  1.99996  0.00338654  3.04264  1.3833
0.95  1.98655  0.00335988  3.22071  1.61795
1  1.97453  0.00333574  3.41866  1.91221
1.05  1.96382  0.00331344  3.71979  2.28187
1.1  1.95415  0.00329305  4.0314  2.77342
1.15  1.94563  0.00327408  4.44124  3.42968
1.2  1.93813  0.0032576  5.06766  4.33196
1.25  1.93148  0.00324279  5.88986  5.6773
1.3  1.9257  0.00322961  7.77435  7.69048
1.35  1.92032  0.00321723  10.8845  11.7748
1.4  1.91572  0.00320703  20  23.471


0  4.46076  0.0101281  0.0401372  0.0640775
0.05  4.45181  0.0101037  0.114387  0.0637946
0.1  4.42635  0.010036  0.180196  0.0635078
0.15  4.38647  0.00993174  0.23993  0.0632178
0.2  4.33385  0.00979568  0.290652  0.0629394
0.25  4.27087  0.0096344  0.33246  0.0626795
0.3  4.19987  0.0094547  0.360002  0.0624711
0.35  4.12427  0.00926789  0.380338  0.0623075
0.4  4.04584  0.0090791  0.389667  0.0622149
0.45  3.96702  0.00889651  0.392217  0.0621958
0.5  3.88922  0.00872453  0.394152  0.0622435
0.55  3.81257  0.00856495  0.392338  0.0623778
0.6  3.73778  0.00841947  0.384783  0.0626161
0.65  3.66587  0.00829198  0.377561  0.0629566
0.7  3.59667  0.00818384  0.371687  0.0634047
0.75  3.52982  0.00809339  0.368255  0.0639525
0.8  3.46483  0.00801777  0.365468  0.0646131
0.85  3.40152  0.00795874  0.364565  0.0653854
0.9  3.33951  0.00791274  0.364541  0.0662739
0.95  3.27864  0.00788094  0.364151  0.0672901
1  3.21895  0.00786226  0.366206  0.068419
1.05  3.16001  0.00785422  0.371577  0.0696619
1.1  3.1013  0.00785668  0.376169  0.071035
1.15  3.04297  0.0078679  0.379565  0.0725466
1.2  2.98522  0.00789035  0.384865  0.0741882
1.25  2.92777  0.00792058  0.389477  0.0759564
1.3  2.87076  0.00795735  0.40028  0.0778196
1.35  2.8133  0.00799748  0.403417  0.0798411
1.4  2.75655  0.00804527  0.405384  0.0819956
