-2.5  0.00109599
-2.41667  0.00198703
-2.33333  0.00484209
-2.25  0.0107104
-2.16667  0.0218731
-2.08333  0.0411741
-2  0.0701834
-1.91667  0.111577
-1.83333  0.164827
-1.75  0.228456
-1.66667  0.297225
-1.58333  0.363359
-1.5  0.421163
-1.41667  0.46273
-1.33333  0.485826
-1.25  0.489228
-1.16667  0.472068
-1.08333  0.439736
-1  0.398077
-0.916667  0.350845
-0.833333  0.302699
-0.75  0.256369
-0.666667  0.21962
-0.583333  0.186878
-0.5  0.163239
-0.416667  0.143988
-0.333333  0.128805
-0.25  0.118169
-0.166667  0.112808
-0.0833333  0.10772
0  0.107291
0.0833333  0.107788
0.166667  0.111224
0.25  0.118003
0.333333  0.128839
0.416667  0.140257
0.5  0.160469
0.583333  0.186048
0.666667  0.212314
0.75  0.247932
0.833333  0.284696
0.916667  0.320816
1  0.355203
1.08333  0.381577
1.16667  0.394326
1.25  0.396299
1.33333  0.377099
1.41667  0.341904
1.5  0.294811
1.58333  0.239204
1.66667  0.18371
1.75  0.130799
1.83333  0.0869511
1.91667  0.0537841
2  0.0309221
2.08333  0.0162932
2.16667  0.00820178
2.25  0.00357392
2.33333  0.00147415
2.41667  0.000911836
