-2.5  0
-2.41667  0
-2.33333  0
-2.25  0
-2.16667  0
-2.08333  0
-2  0
-1.91667  0
-1.83333  0
-1.75  0
-1.66667  0
-1.58333  0
-1.5  0
-1.41667  0
-1.33333  0
-1.25  0
-1.16667  0
-1.08333  0
-1  0
-0.916667  0
-0.833333  0
-0.75  0
-0.666667  0
-0.583333  0
-0.5  0
-0.416667  0
-0.333333  0
-0.25  0
-0.166667  0
-0.0833333  0
0  0
0.0833333  0
0.166667  0
0.25  0
0.333333  0
0.416667  0
0.5  0
0.583333  0
0.666667  0
0.75  0
0.833333  0
0.916667  0
1  0
1.08333  0
1.16667  0
1.25  0
1.33333  0
1.41667  0
1.5  0
1.58333  0
1.66667  0
1.75  0
1.83333  0
1.91667  0
2  0
2.08333  0
2.16667  0
2.25  0
2.33333  0
2.41667  0
