0 34.015 1.1765 15.2571 11.1449
1 28.95 0.605077 15.2571 11.1449
2 27.4 0.569364 15.2571 11.1449
3 26.3525 0.552558 15.2571 11.1449
4 25.37 0.52335 15.2571 11.1449
5 24.6675 0.514823 15.2571 11.1449
6 24.0775 0.498727 15.2571 11.1449
7 23.625 0.485359 15.2571 11.1449
8 23.17 0.464721 15.2571 11.1449
9 22.825 0.453347 15.2571 11.1449
10 22.46 0.450454 15.2571 11.1449
11 22.235 0.442591 15.2571 11.1449
12 22.01 0.43523 15.2571 11.1449
13 21.7375 0.426889 15.2571 11.1449
14 21.5 0.418912 15.2571 11.1449
15 21.335 0.409658 15.2571 11.1449
16 21.0725 0.393501 15.2571 11.1449
17 20.965 0.384736 15.2571 11.1449
18 20.745 0.37779 15.2571 11.1449
19 20.6475 0.372905 15.2571 11.1449
20 20.5075 0.369053 15.2571 11.1449
21 20.4275 0.362215 15.2571 11.1449
22 20.3075 0.361068 15.2571 11.1449
23 20.18 0.355994 15.2571 11.1449
24 20.14 0.352634 15.2571 11.1449
25 20.0625 0.346044 15.2571 11.1449
26 19.935 0.343059 15.2571 11.1449
27 19.865 0.340924 15.2571 11.1449
28 19.77 0.335381 15.2571 11.1449
29 19.78 0.334651 15.2571 11.1449
30 19.6875 0.332528 15.2571 11.1449
31 19.625 0.327965 15.2571 11.1449
32 19.59 0.331311 15.2571 11.1449
33 19.54 0.327675 15.2571 11.1449
34 19.4575 0.324184 15.2571 11.1449
35 19.375 0.32068 15.2571 11.1449
36 19.3675 0.318227 15.2571 11.1449
37 19.3175 0.316254 15.2571 11.1449
38 19.27 0.317026 15.2571 11.1449
39 19.255 0.314185 15.2571 11.1449
40 19.21 0.315123 15.2571 11.1449
41 19.16 0.309856 15.2571 11.1449
42 19.08 0.303988 15.2571 11.1449
43 19.0575 0.298262 15.2571 11.1449
44 19.0575 0.300038 15.2571 11.1449
45 19.015 0.297594 15.2571 11.1449
46 18.9875 0.296552 15.2571 11.1449
47 18.955 0.29444 15.2571 11.1449
48 18.975 0.292166 15.2571 11.1449
49 18.895 0.286919 15.2571 11.1449
50 18.8425 0.284924 15.2571 11.1449
51 18.815 0.279981 15.2571 11.1449
52 18.8225 0.282383 15.2571 11.1449
53 18.8125 0.28199 15.2571 11.1449
54 18.7925 0.280956 15.2571 11.1449
55 18.7825 0.282379 15.2571 11.1449
56 18.7575 0.28113 15.2571 11.1449
57 18.745 0.279799 15.2571 11.1449
58 18.715 0.279727 15.2571 11.1449
59 18.6875 0.281091 15.2571 11.1449
60 18.6475 0.279657 15.2571 11.1449
61 18.64 0.279644 15.2571 11.1449
62 18.6 0.279218 15.2571 11.1449
63 18.5925 0.278417 15.2571 11.1449
64 18.5575 0.276888 15.2571 11.1449
65 18.5375 0.276557 15.2571 11.1449
66 18.52 0.276449 15.2571 11.1449
67 18.4975 0.275454 15.2571 11.1449
68 18.465 0.274767 15.2571 11.1449
69 18.4325 0.273521 15.2571 11.1449
70 18.4525 0.273783 15.2571 11.1449
71 18.43 0.273702 15.2571 11.1449
72 18.4 0.274408 15.2571 11.1449
73 18.38 0.273018 15.2571 11.1449
74 18.365 0.271716 15.2571 11.1449
75 18.3675 0.271811 15.2571 11.1449
76 18.355 0.27092 15.2571 11.1449
77 18.3625 0.271782 15.2571 11.1449
78 18.3425 0.270971 15.2571 11.1449
79 18.32 0.270636 15.2571 11.1449
80 18.305 0.269731 15.2571 11.1449
81 18.25 0.267664 15.2571 11.1449
82 18.26 0.266915 15.2571 11.1449
83 18.255 0.265306 15.2571 11.1449
84 18.2225 0.263263 15.2571 11.1449
85 18.2275 0.264626 15.2571 11.1449
86 18.2225 0.263263 15.2571 11.1449
87 18.2475 0.264416 15.2571 11.1449
88 18.215 0.264238 15.2571 11.1449
89 18.1925 0.26512 15.2571 11.1449
90 18.2175 0.264363 15.2571 11.1449
91 18.21 0.264721 15.2571 11.1449
92 18.1825 0.263696 15.2571 11.1449
93 18.1475 0.262515 15.2571 11.1449
94 18.135 0.261375 15.2571 11.1449
95 18.135 0.262258 15.2571 11.1449
96 18.1125 0.261485 15.2571 11.1449
97 18.0975 0.261859 15.2571 11.1449
98 18.0925 0.26129 15.2571 11.1449
99 18.0775 0.261015 15.2571 11.1449
100 18.08 0.260474 15.2571 11.1449
101 18.0575 0.26074 15.2571 11.1449
102 18.04 0.260784 15.2571 11.1449
103 18.04 0.260856 15.2571 11.1449
104 18.04 0.261694 15.2571 11.1449
105 18.0175 0.259938 15.2571 11.1449
106 18.0375 0.260965 15.2571 11.1449
107 18.0175 0.261736 15.2571 11.1449
108 17.9875 0.260947 15.2571 11.1449
109 18.0075 0.262119 15.2571 11.1449
110 17.9875 0.260324 15.2571 11.1449
111 17.98 0.258528 15.2571 11.1449
112 17.9775 0.260082 15.2571 11.1449
113 17.96 0.258449 15.2571 11.1449
114 17.9325 0.259123 15.2571 11.1449
115 17.94 0.259838 15.2571 11.1449
116 17.9275 0.257256 15.2571 11.1449
117 17.895 0.256047 15.2571 11.1449
118 17.8775 0.254963 15.2571 11.1449
119 17.885 0.255865 15.2571 11.1449
120 17.8625 0.254846 15.2571 11.1449
121 17.865 0.254174 15.2571 11.1449
122 17.855 0.255436 15.2571 11.1449
123 17.86 0.254093 15.2571 11.1449
124 17.8475 0.253546 15.2571 11.1449
125 17.835 0.25307 15.2571 11.1449
126 17.8475 0.254358 15.2571 11.1449
127 17.8425 0.254842 15.2571 11.1449
128 17.8325 0.253399 15.2571 11.1449
129 17.8225 0.253234 15.2571 11.1449
130 17.825 0.253571 15.2571 11.1449
131 17.825 0.253423 15.2571 11.1449
132 17.8225 0.252962 15.2571 11.1449
133 17.82 0.252946 15.2571 11.1449
134 17.8275 0.252575 15.2571 11.1449
135 17.83 0.253136 15.2571 11.1449
136 17.8125 0.251408 15.2571 11.1449
137 17.82 0.252525 15.2571 11.1449
138 17.81 0.251987 15.2571 11.1449
139 17.81 0.25144 15.2571 11.1449
140 17.805 0.251679 15.2571 11.1449
141 17.8 0.251147 15.2571 11.1449
142 17.7925 0.250022 15.2571 11.1449
143 17.7875 0.251159 15.2571 11.1449
144 17.7925 0.250995 15.2571 11.1449
145 17.7975 0.251055 15.2571 11.1449
146 17.7775 0.251411 15.2571 11.1449
147 17.7775 0.250689 15.2571 11.1449
148 17.775 0.250546 15.2571 11.1449
149 17.775 0.250646 15.2571 11.1449
150 17.78 0.250832 15.2571 11.1449
151 17.7775 0.249865 15.2571 11.1449
152 17.7625 0.25028 15.2571 11.1449
153 17.7525 0.249506 15.2571 11.1449
154 17.7725 0.250004 15.2571 11.1449
155 17.76 0.249486 15.2571 11.1449
156 17.7425 0.249405 15.2571 11.1449
157 17.735 0.249248 15.2571 11.1449
158 17.7275 0.248487 15.2571 11.1449
159 17.7325 0.248324 15.2571 11.1449
160 17.735 0.249047 15.2571 11.1449
161 17.72 0.247268 15.2571 11.1449
162 17.7025 0.247407 15.2571 11.1449
163 17.69 0.247659 15.2571 11.1449
164 17.7 0.247184 15.2571 11.1449
165 17.705 0.247502 15.2571 11.1449
166 17.6925 0.247578 15.2571 11.1449
167 17.68 0.24659 15.2571 11.1449
168 17.6875 0.246043 15.2571 11.1449
169 17.665 0.245905 15.2571 11.1449
170 17.67 0.246709 15.2571 11.1449
171 17.6725 0.245842 15.2571 11.1449
172 17.66 0.246218 15.2571 11.1449
173 17.6775 0.245934 15.2571 11.1449
174 17.655 0.245158 15.2571 11.1449
175 17.6625 0.244303 15.2571 11.1449
176 17.65 0.244936 15.2571 11.1449
177 17.6525 0.245034 15.2571 11.1449
178 17.655 0.244852 15.2571 11.1449
179 17.66 0.245608 15.2571 11.1449
180 17.6475 0.244736 15.2571 11.1449
181 17.64 0.244159 15.2571 11.1449
182 17.6425 0.244309 15.2571 11.1449
183 17.6225 0.244438 15.2571 11.1449
184 17.625 0.24359 15.2571 11.1449
185 17.6275 0.244048 15.2571 11.1449
186 17.625 0.243744 15.2571 11.1449
187 17.6175 0.242519 15.2571 11.1449
188 17.615 0.243217 15.2571 11.1449
189 17.6225 0.244974 15.2571 11.1449
190 17.5975 0.242593 15.2571 11.1449
191 17.6 0.243875 15.2571 11.1449
192 17.595 0.242878 15.2571 11.1449
193 17.605 0.244177 15.2571 11.1449
194 17.575 0.24158 15.2571 11.1449
195 17.5925 0.243061 15.2571 11.1449
196 17.5725 0.24246 15.2571 11.1449
197 17.5825 0.241858 15.2571 11.1449
198 17.5675 0.241689 15.2571 11.1449
199 17.57 0.24192 15.2571 11.1449
200 17.5525 0.242215 15.2571 11.1449
201 17.545 0.240614 15.2571 11.1449
202 17.54 0.240927 15.2571 11.1449
203 17.5325 0.240982 15.2571 11.1449
204 17.545 0.241935 15.2571 11.1449
205 17.5425 0.240719 15.2571 11.1449
206 17.5425 0.2416 15.2571 11.1449
207 17.5575 0.241437 15.2571 11.1449
208 17.5425 0.241004 15.2571 11.1449
209 17.53 0.24062 15.2571 11.1449
210 17.5275 0.239996 15.2571 11.1449
211 17.5275 0.24049 15.2571 11.1449
212 17.5075 0.239974 15.2571 11.1449
213 17.5125 0.240571 15.2571 11.1449
214 17.505 0.240104 15.2571 11.1449
215 17.5 0.239296 15.2571 11.1449
216 17.5025 0.240052 15.2571 11.1449
217 17.5175 0.240077 15.2571 11.1449
218 17.4975 0.238982 15.2571 11.1449
219 17.5175 0.240441 15.2571 11.1449
220 17.51 0.239973 15.2571 11.1449
221 17.5 0.238537 15.2571 11.1449
222 17.4975 0.237539 15.2571 11.1449
223 17.5025 0.237934 15.2571 11.1449
224 17.5 0.237697 15.2571 11.1449
225 17.4725 0.23656 15.2571 11.1449
226 17.4825 0.237459 15.2571 11.1449
227 17.4725 0.236824 15.2571 11.1449
228 17.48 0.236905 15.2571 11.1449
229 17.4775 0.236984 15.2571 11.1449
230 17.4825 0.237064 15.2571 11.1449
231 17.4725 0.236534 15.2571 11.1449
232 17.47 0.236612 15.2571 11.1449
233 17.4675 0.236453 15.2571 11.1449
234 17.4725 0.236401 15.2571 11.1449
235 17.46 0.235655 15.2571 11.1449
236 17.445 0.234531 15.2571 11.1449
237 17.465 0.235286 15.2571 11.1449
238 17.455 0.235414 15.2571 11.1449
239 17.4525 0.235201 15.2571 11.1449
240 17.4525 0.235121 15.2571 11.1449
241 17.4525 0.234908 15.2571 11.1449
242 17.4525 0.235068 15.2571 11.1449
243 17.4425 0.234423 15.2571 11.1449
244 17.4275 0.234013 15.2571 11.1449
245 17.4325 0.234949 15.2571 11.1449
246 17.455 0.235042 15.2571 11.1449
247 17.44 0.234502 15.2571 11.1449
248 17.4475 0.234639 15.2571 11.1449
249 17.445 0.234984 15.2571 11.1449
250 17.4325 0.235002 15.2571 11.1449
251 17.44 0.233754 15.2571 11.1449
252 17.4475 0.234053 15.2571 11.1449
253 17.44 0.233138 15.2571 11.1449
254 17.425 0.232268 15.2571 11.1449
255 17.4375 0.2326 15.2571 11.1449
256 17.43 0.233239 15.2571 11.1449
257 17.4225 0.231889 15.2571 11.1449
258 17.4275 0.233263 15.2571 11.1449
259 17.4175 0.233416 15.2571 11.1449
260 17.4125 0.232822 15.2571 11.1449
261 17.3975 0.231568 15.2571 11.1449
262 17.3975 0.232806 15.2571 11.1449
263 17.3975 0.231298 15.2571 11.1449
264 17.4 0.232002 15.2571 11.1449
265 17.4075 0.232844 15.2571 11.1449
266 17.39 0.232152 15.2571 11.1449
267 17.4025 0.232409 15.2571 11.1449
268 17.3875 0.232257 15.2571 11.1449
269 17.3875 0.232257 15.2571 11.1449
270 17.3875 0.23134 15.2571 11.1449
271 17.3825 0.232089 15.2571 11.1449
272 17.38 0.232973 15.2571 11.1449
273 17.3725 0.232211 15.2571 11.1449
274 17.36 0.23222 15.2571 11.1449
275 17.37 0.232449 15.2571 11.1449
276 17.365 0.233033 15.2571 11.1449
277 17.3525 0.231237 15.2571 11.1449
278 17.3575 0.232162 15.2571 11.1449
279 17.355 0.233313 15.2571 11.1449
280 17.35 0.231881 15.2571 11.1449
281 17.325 0.230404 15.2571 11.1449
282 17.3275 0.23049 15.2571 11.1449
283 17.325 0.230567 15.2571 11.1449
284 17.325 0.23035 15.2571 11.1449
285 17.335 0.231072 15.2571 11.1449
286 17.33 0.231388 15.2571 11.1449
287 17.325 0.230783 15.2571 11.1449
288 17.32 0.23015 15.2571 11.1449
289 17.315 0.230113 15.2571 11.1449
290 17.3125 0.230053 15.2571 11.1449
291 17.3125 0.231002 15.2571 11.1449
292 17.3125 0.230406 15.2571 11.1449
293 17.305 0.229793 15.2571 11.1449
294 17.3 0.23057 15.2571 11.1449
295 17.3025 0.230819 15.2571 11.1449
296 17.2975 0.231241 15.2571 11.1449
297 17.2975 0.230592 15.2571 11.1449
298 17.2975 0.231133 15.2571 11.1449
299 17.2925 0.230282 15.2571 11.1449
300 17.3025 0.229951 15.2571 11.1449
301 17.2875 0.230216 15.2571 11.1449
302 17.2825 0.230313 15.2571 11.1449
303 17.2975 0.231565 15.2571 11.1449
304 17.2925 0.230608 15.2571 11.1449
305 17.28 0.230552 15.2571 11.1449
306 17.2825 0.230259 15.2571 11.1449
307 17.2825 0.230585 15.2571 11.1449
308 17.295 0.23129 15.2571 11.1449
309 17.2825 0.230178 15.2571 11.1449
310 17.2625 0.229257 15.2571 11.1449
311 17.27 0.229603 15.2571 11.1449
312 17.26 0.229986 15.2571 11.1449
313 17.265 0.230325 15.2571 11.1449
314 17.265 0.231083 15.2571 11.1449
315 17.27 0.230256 15.2571 11.1449
316 17.255 0.22902 15.2571 11.1449
317 17.2575 0.229707 15.2571 11.1449
318 17.255 0.228364 15.2571 11.1449
319 17.2625 0.229148 15.2571 11.1449
320 17.2525 0.229667 15.2571 11.1449
321 17.2675 0.230467 15.2571 11.1449
322 17.265 0.23065 15.2571 11.1449
323 17.255 0.228992 15.2571 11.1449
324 17.25 0.229442 15.2571 11.1449
325 17.2525 0.227589 15.2571 11.1449
326 17.2575 0.227438 15.2571 11.1449
327 17.2375 0.228288 15.2571 11.1449
328 17.245 0.228035 15.2571 11.1449
329 17.2425 0.227287 15.2571 11.1449
330 17.2425 0.227204 15.2571 11.1449
331 17.24 0.227884 15.2571 11.1449
332 17.2375 0.226915 15.2571 11.1449
333 17.2425 0.227644 15.2571 11.1449
334 17.24 0.227307 15.2571 11.1449
335 17.2375 0.227657 15.2571 11.1449
336 17.2375 0.227547 15.2571 11.1449
337 17.2375 0.228096 15.2571 11.1449
338 17.23 0.227937 15.2571 11.1449
339 17.225 0.227125 15.2571 11.1449
340 17.23 0.227388 15.2571 11.1449
341 17.2175 0.225833 15.2571 11.1449
342 17.2225 0.227283 15.2571 11.1449
343 17.22 0.227824 15.2571 11.1449
344 17.215 0.226736 15.2571 11.1449
345 17.2175 0.226717 15.2571 11.1449
346 17.2275 0.226802 15.2571 11.1449
347 17.2075 0.226409 15.2571 11.1449
348 17.205 0.226456 15.2571 11.1449
349 17.2075 0.226878 15.2571 11.1449
350 17.21 0.226776 15.2571 11.1449
351 17.205 0.226235 15.2571 11.1449
352 17.2175 0.227185 15.2571 11.1449
353 17.215 0.22704 15.2571 11.1449
354 17.205 0.226677 15.2571 11.1449
355 17.205 0.22775 15.2571 11.1449
356 17.2075 0.225191 15.2571 11.1449
357 17.195 0.22634 15.2571 11.1449
358 17.19 0.225549 15.2571 11.1449
359 17.2025 0.226614 15.2571 11.1449
360 17.19 0.225881 15.2571 11.1449
361 17.1775 0.225893 15.2571 11.1449
362 17.1825 0.225079 15.2571 11.1449
363 17.1825 0.22469 15.2571 11.1449
364 17.185 0.226002 15.2571 11.1449
365 17.1725 0.224904 15.2571 11.1449
366 17.185 0.224754 15.2571 11.1449
367 17.1875 0.224957 15.2571 11.1449
368 17.1775 0.224755 15.2571 11.1449
369 17.1775 0.224839 15.2571 11.1449
370 17.175 0.224997 15.2571 11.1449
371 17.175 0.224997 15.2571 11.1449
372 17.18 0.224764 15.2571 11.1449
373 17.1725 0.224598 15.2571 11.1449
374 17.17 0.224951 15.2571 11.1449
375 17.17 0.224923 15.2571 11.1449
376 17.17 0.224923 15.2571 11.1449
377 17.165 0.224765 15.2571 11.1449
378 17.1675 0.225052 15.2571 11.1449
379 17.16 0.224969 15.2571 11.1449
380 17.1625 0.225062 15.2571 11.1449
381 17.16 0.22508 15.2571 11.1449
382 17.1575 0.224959 15.2571 11.1449
383 17.165 0.225598 15.2571 11.1449
384 17.165 0.225099 15.2571 11.1449
385 17.1725 0.225958 15.2571 11.1449
386 17.16 0.225302 15.2571 11.1449
387 17.155 0.224672 15.2571 11.1449
388 17.1425 0.223926 15.2571 11.1449
389 17.135 0.222805 15.2571 11.1449
390 17.14 0.223637 15.2571 11.1449
391 17.14 0.223329 15.2571 11.1449
392 17.1375 0.223235 15.2571 11.1449
393 17.1425 0.223563 15.2571 11.1449
394 17.14 0.223189 15.2571 11.1449
395 17.13 0.223484 15.2571 11.1449
396 17.135 0.222777 15.2571 11.1449
397 17.1375 0.223291 15.2571 11.1449
398 17.135 0.223001 15.2571 11.1449
399 17.13 0.223903 15.2571 11.1449
400 17.1375 0.223571 15.2571 11.1449
401 17.145 0.224466 15.2571 11.1449
402 17.1325 0.224583 15.2571 11.1449
403 17.1325 0.223746 15.2571 11.1449
404 17.13 0.223736 15.2571 11.1449
405 17.12 0.223973 15.2571 11.1449
406 17.12 0.223134 15.2571 11.1449
407 17.105 0.222677 15.2571 11.1449
408 17.1075 0.222688 15.2571 11.1449
409 17.1075 0.222519 15.2571 11.1449
410 17.105 0.22234 15.2571 11.1449
411 17.1025 0.221794 15.2571 11.1449
412 17.0975 0.222306 15.2571 11.1449
413 17.095 0.222435 15.2571 11.1449
414 17.0875 0.221471 15.2571 11.1449
415 17.0875 0.221838 15.2571 11.1449
416 17.095 0.222098 15.2571 11.1449
417 17.09 0.222412 15.2571 11.1449
418 17.0775 0.220944 15.2571 11.1449
419 17.0625 0.219992 15.2571 11.1449
420 17.07 0.220001 15.2571 11.1449
421 17.06 0.219468 15.2571 11.1449
422 17.065 0.21935 15.2571 11.1449
423 17.0625 0.218938 15.2571 11.1449
424 17.06 0.219411 15.2571 11.1449
425 17.06 0.219809 15.2571 11.1449
426 17.065 0.220061 15.2571 11.1449
427 17.0675 0.220924 15.2571 11.1449
428 17.0625 0.220418 15.2571 11.1449
429 17.0575 0.220535 15.2571 11.1449
430 17.055 0.220465 15.2571 11.1449
431 17.0525 0.221386 15.2571 11.1449
432 17.0425 0.220345 15.2571 11.1449
433 17.0475 0.220399 15.2571 11.1449
434 17.0525 0.222344 15.2571 11.1449
435 17.05 0.220865 15.2571 11.1449
436 17.0375 0.220687 15.2571 11.1449
437 17.045 0.221207 15.2571 11.1449
438 17.035 0.218539 15.2571 11.1449
439 17.035 0.218511 15.2571 11.1449
440 17.035 0.219025 15.2571 11.1449
441 17.0375 0.218381 15.2571 11.1449
442 17.03 0.217854 15.2571 11.1449
443 17.0175 0.217326 15.2571 11.1449
444 17.02 0.217799 15.2571 11.1449
445 17.03 0.217279 15.2571 11.1449
446 17.0175 0.218015 15.2571 11.1449
447 17.0125 0.218073 15.2571 11.1449
448 17.0075 0.217959 15.2571 11.1449
449 17.01 0.217858 15.2571 11.1449
450 17.005 0.217945 15.2571 11.1449
451 16.9975 0.217442 15.2571 11.1449
452 16.9975 0.217155 15.2571 11.1449
453 17.0025 0.217126 15.2571 11.1449
454 17 0.216939 15.2571 11.1449
455 16.9975 0.217184 15.2571 11.1449
456 17.0025 0.217126 15.2571 11.1449
457 16.9975 0.216752 15.2571 11.1449
458 16.9975 0.214927 15.2571 11.1449
459 16.995 0.216362 15.2571 11.1449
460 16.995 0.216188 15.2571 11.1449
461 16.9925 0.216145 15.2571 11.1449
462 16.9925 0.216232 15.2571 11.1449
463 16.9975 0.216203 15.2571 11.1449
464 16.985 0.215956 15.2571 11.1449
465 16.9825 0.216086 15.2571 11.1449
466 16.9775 0.21594 15.2571 11.1449
467 16.9725 0.216054 15.2571 11.1449
468 16.9775 0.216777 15.2571 11.1449
469 16.9725 0.215678 15.2571 11.1449
470 16.9775 0.215592 15.2571 11.1449
471 16.975 0.215809 15.2571 11.1449
472 16.9725 0.215794 15.2571 11.1449
473 16.9625 0.215645 15.2571 11.1449
474 16.965 0.215399 15.2571 11.1449
475 16.96 0.215252 15.2571 11.1449
476 16.9425 0.214092 15.2571 11.1449
477 16.955 0.215772 15.2571 11.1449
478 16.955 0.215656 15.2571 11.1449
479 16.955 0.216264 15.2571 11.1449
480 16.9575 0.21573 15.2571 11.1449
481 16.9625 0.215964 15.2571 11.1449
482 16.9575 0.216077 15.2571 11.1449
483 16.9625 0.215732 15.2571 11.1449
484 16.9525 0.215669 15.2571 11.1449
485 16.9475 0.215666 15.2571 11.1449
486 16.945 0.214866 15.2571 11.1449
487 16.955 0.214785 15.2571 11.1449
488 16.945 0.215302 15.2571 11.1449
489 16.9325 0.214726 15.2571 11.1449
490 16.9375 0.21441 15.2571 11.1449
491 16.94 0.21495 15.2571 11.1449
492 16.945 0.214895 15.2571 11.1449
493 16.9375 0.215021 15.2571 11.1449
494 16.9375 0.214876 15.2571 11.1449
495 16.9375 0.215978 15.2571 11.1449
496 16.9425 0.215141 15.2571 11.1449
497 16.945 0.215447 15.2571 11.1449
498 16.9375 0.214555 15.2571 11.1449
499 16.9325 0.214784 15.2571 11.1449
500 16.935 0.215411 15.2571 11.1449
501 16.9325 0.214988 15.2571 11.1449
502 16.935 0.214714 15.2571 11.1449
503 16.9375 0.214643 15.2571 11.1449
504 16.945 0.213904 15.2571 11.1449
505 16.93 0.213981 15.2571 11.1449
506 16.93 0.214768 15.2571 11.1449
507 16.9375 0.214672 15.2571 11.1449
508 16.935 0.214946 15.2571 11.1449
509 16.9375 0.215137 15.2571 11.1449
510 16.9325 0.214755 15.2571 11.1449
511 16.925 0.214589 15.2571 11.1449
512 16.925 0.214676 15.2571 11.1449
513 16.9275 0.214577 15.2571 11.1449
514 16.92 0.214584 15.2571 11.1449
515 16.9225 0.214543 15.2571 11.1449
516 16.915 0.214638 15.2571 11.1449
517 16.92 0.21406 15.2571 11.1449
518 16.915 0.213967 15.2571 11.1449
519 16.9175 0.214189 15.2571 11.1449
520 16.91 0.213816 15.2571 11.1449
521 16.9125 0.213921 15.2571 11.1449
522 16.91 0.213874 15.2571 11.1449
523 16.92 0.21403 15.2571 11.1449
524 16.91 0.213436 15.2571 11.1449
525 16.9125 0.214125 15.2571 11.1449
526 16.91 0.213962 15.2571 11.1449
527 16.92 0.215137 15.2571 11.1449
528 16.895 0.213974 15.2571 11.1449
529 16.9075 0.213565 15.2571 11.1449
530 16.8925 0.212961 15.2571 11.1449
531 16.8925 0.212814 15.2571 11.1449
532 16.8975 0.212879 15.2571 11.1449
533 16.9 0.213014 15.2571 11.1449
534 16.89 0.212326 15.2571 11.1449
535 16.8825 0.212242 15.2571 11.1449
536 16.885 0.211966 15.2571 11.1449
537 16.88 0.211693 15.2571 11.1449
538 16.88 0.211605 15.2571 11.1449
539 16.8775 0.211822 15.2571 11.1449
540 16.87 0.211176 15.2571 11.1449
541 16.87 0.211205 15.2571 11.1449
542 16.875 0.212305 15.2571 11.1449
543 16.875 0.211154 15.2571 11.1449
544 16.865 0.211227 15.2571 11.1449
545 16.87 0.211708 15.2571 11.1449
546 16.8575 0.21123 15.2571 11.1449
547 16.8725 0.211046 15.2571 11.1449
548 16.865 0.211109 15.2571 11.1449
549 16.8625 0.211149 15.2571 11.1449
550 16.86 0.211101 15.2571 11.1449
551 16.86 0.211041 15.2571 11.1449
552 16.85 0.211113 15.2571 11.1449
553 16.85 0.211084 15.2571 11.1449
554 16.8525 0.211044 15.2571 11.1449
555 16.855 0.211772 15.2571 11.1449
556 16.8475 0.210857 15.2571 11.1449
557 16.85 0.211232 15.2571 11.1449
558 16.8525 0.211073 15.2571 11.1449
559 16.845 0.2114 15.2571 11.1449
560 16.845 0.211015 15.2571 11.1449
561 16.855 0.212214 15.2571 11.1449
562 16.8375 0.210779 15.2571 11.1449
563 16.8525 0.211044 15.2571 11.1449
564 16.8575 0.21185 15.2571 11.1449
565 16.85 0.211054 15.2571 11.1449
566 16.8475 0.211094 15.2571 11.1449
567 16.835 0.210641 15.2571 11.1449
568 16.8425 0.209032 15.2571 11.1449
569 16.85 0.208821 15.2571 11.1449
570 16.835 0.208013 15.2571 11.1449
571 16.845 0.207912 15.2571 11.1449
572 16.84 0.207511 15.2571 11.1449
573 16.84 0.207782 15.2571 11.1449
574 16.8325 0.207632 15.2571 11.1449
575 16.835 0.20711 15.2571 11.1449
576 16.835 0.207441 15.2571 11.1449
577 16.83 0.20719 15.2571 11.1449
578 16.8375 0.207431 15.2571 11.1449
579 16.835 0.207592 15.2571 11.1449
580 16.83 0.206828 15.2571 11.1449
581 16.835 0.207351 15.2571 11.1449
582 16.8325 0.207482 15.2571 11.1449
583 16.8275 0.20711 15.2571 11.1449
584 16.825 0.206666 15.2571 11.1449
585 16.8225 0.207189 15.2571 11.1449
586 16.8325 0.207783 15.2571 11.1449
587 16.8275 0.2072 15.2571 11.1449
588 16.83 0.207401 15.2571 11.1449
589 16.8225 0.20725 15.2571 11.1449
590 16.83 0.207431 15.2571 11.1449
591 16.825 0.20727 15.2571 11.1449
592 16.82 0.20729 15.2571 11.1449
593 16.8175 0.207329 15.2571 11.1449
594 16.8125 0.207228 15.2571 11.1449
595 16.8125 0.207348 15.2571 11.1449
596 16.8125 0.207318 15.2571 11.1449
597 16.8275 0.207983 15.2571 11.1449
598 16.8275 0.207592 15.2571 11.1449
599 16.81 0.207328 15.2571 11.1449


0 442.893 1.1765 124.45
1 362.997 0.605077 105.918
2 309.316 0.569364 100.247
3 271.878 0.552558 96.415
4 244.302 0.52335 92.8204
5 223.162 0.514823 90.2502
6 206.433 0.498727 88.0915
7 193.06 0.485359 86.436
8 182.097 0.464721 84.7713
9 173.003 0.453347 83.5091
10 165.106 0.450454 82.1737
11 158.482 0.442591 81.3505
12 152.644 0.43523 80.5273
13 147.71 0.426889 79.5303
14 143.296 0.418912 78.6613
15 139.397 0.409658 78.0577
16 135.861 0.393501 77.0973
17 132.66 0.384736 76.7039
18 129.784 0.37779 75.899
19 127.201 0.372905 75.5423
20 124.786 0.369053 75.0301
21 122.638 0.362215 74.7374
22 120.592 0.361068 74.2984
23 118.691 0.355994 73.8319
24 116.952 0.352634 73.6855
25 115.356 0.346044 73.402
26 113.876 0.343059 72.9355
27 112.472 0.340924 72.6794
28 111.161 0.335381 72.3318
29 109.883 0.334651 72.3684
30 108.682 0.332528 72.03
31 107.607 0.327965 71.8013
32 106.563 0.331311 71.6733
33 105.602 0.327675 71.4903
34 104.666 0.324184 71.1885
35 103.757 0.32068 70.8867
36 102.915 0.318227 70.8592
37 102.094 0.316254 70.6763
38 101.304 0.317026 70.5025
39 100.551 0.314185 70.4476
40 99.8315 0.315123 70.283
41 99.1652 0.309856 70.1001
42 98.5353 0.303988 69.8074
43 97.9102 0.298262 69.725
44 97.3083 0.300038 69.725
45 96.7288 0.297594 69.5695
46 96.1714 0.296552 69.4689
47 95.6386 0.29444 69.35
48 95.1202 0.292166 69.4232
49 94.62 0.286919 69.1305
50 94.1421 0.284924 68.9384
51 93.6724 0.279981 68.8378
52 93.2145 0.282383 68.8653
53 92.7788 0.28199 68.8287
54 92.362 0.280956 68.7555
55 91.967 0.282379 68.7189
56 91.5714 0.28113 68.6274
57 91.1812 0.279799 68.5817
58 90.7976 0.279727 68.4719
59 90.4308 0.281091 68.3713
60 90.0691 0.279657 68.225
61 89.7302 0.279644 68.1975
62 89.3839 0.279218 68.0512
63 89.0616 0.278417 68.0238
64 88.7348 0.276888 67.8957
65 88.4247 0.276557 67.8225
66 88.1114 0.276449 67.7585
67 87.8074 0.275454 67.6762
68 87.5143 0.274767 67.5573
69 87.2405 0.273521 67.4384
70 86.9626 0.273783 67.5115
71 86.6959 0.273702 67.4292
72 86.4256 0.274408 67.3195
73 86.1694 0.273018 67.2463
74 85.9103 0.271716 67.1914
75 85.661 0.271811 67.2006
76 85.4225 0.27092 67.1548
77 85.1817 0.271782 67.1823
78 84.9497 0.270971 67.1091
79 84.7166 0.270636 67.0268
80 84.4937 0.269731 66.9719
81 84.2716 0.267664 66.7707
82 84.0626 0.266915 66.8073
83 83.8543 0.265306 66.789
84 83.6473 0.263263 66.6701
85 83.4474 0.264626 66.6883
86 83.2332 0.263263 66.6701
87 83.0354 0.264416 66.7615
88 82.8495 0.264238 66.6426
89 82.6588 0.26512 66.5603
90 82.479 0.264363 66.6518
91 82.2938 0.264721 66.6243
92 82.1137 0.263696 66.5237
93 81.9337 0.262515 66.3957
94 81.7528 0.261375 66.3499
95 81.5832 0.262258 66.3499
96 81.4135 0.261485 66.2676
97 81.2542 0.261859 66.2127
98 81.0919 0.26129 66.1944
99 80.9301 0.261015 66.1395
100 80.7713 0.260474 66.1487
101 80.6215 0.26074 66.0664
102 80.4646 0.260784 66.0023
103 80.315 0.260856 66.0023
104 80.1681 0.261694 66.0023
105 80.023 0.259938 65.92
106 79.8767 0.260965 65.9932
107 79.7393 0.261736 65.92
108 79.597 0.260947 65.8103
109 79.4609 0.262119 65.8834
110 79.318 0.260324 65.8103
111 79.1812 0.258528 65.7828
112 79.0501 0.260082 65.7737
113 78.9157 0.258449 65.7097
114 78.7876 0.259123 65.609
115 78.66 0.259838 65.6365
116 78.5337 0.257256 65.5907
117 78.4043 0.256047 65.4718
118 78.2827 0.254963 65.4078
119 78.1601 0.255865 65.4353
120 78.0371 0.254846 65.3529
121 77.9169 0.254174 65.3621
122 77.7952 0.255436 65.3255
123 77.6779 0.254093 65.3438
124 77.5648 0.253546 65.2981
125 77.4571 0.25307 65.2523
126 77.3474 0.254358 65.2981
127 77.2388 0.254842 65.2798
128 77.1338 0.253399 65.2432
129 77.0286 0.253234 65.2066
130 76.9197 0.253571 65.2157
131 76.8138 0.253423 65.2157
132 76.7119 0.252962 65.2066
133 76.6078 0.252946 65.1974
134 76.5052 0.252575 65.2249
135 76.4052 0.253136 65.234
136 76.307 0.251408 65.17
137 76.2086 0.252525 65.1974
138 76.1096 0.251987 65.1609
139 76.0164 0.25144 65.1609
140 75.9217 0.251679 65.1426
141 75.8252 0.251147 65.1243
142 75.7348 0.250022 65.0968
143 75.6494 0.251159 65.0785
144 75.5546 0.250995 65.0968
145 75.4668 0.251055 65.1151
146 75.3767 0.251411 65.0419
147 75.2909 0.250689 65.0419
148 75.2018 0.250546 65.0328
149 75.1165 0.250646 65.0328
150 75.0297 0.250832 65.0511
151 74.9426 0.249865 65.0419
152 74.8587 0.25028 64.9871
153 74.7678 0.249506 64.9505
154 74.6903 0.250004 65.0237
155 74.6077 0.249486 64.9779
156 74.5256 0.249405 64.9139
157 74.4459 0.249248 64.8865
158 74.3648 0.248487 64.859
159 74.2849 0.248324 64.8773
160 74.2073 0.249047 64.8865
161 74.1287 0.247268 64.8316
162 74.0494 0.247407 64.7675
163 73.9743 0.247659 64.7218
164 73.9 0.247184 64.7584
165 73.823 0.247502 64.7767
166 73.7474 0.247578 64.731
167 73.6735 0.24659 64.6852
168 73.5961 0.246043 64.7127
169 73.5187 0.245905 64.6303
170 73.4455 0.246709 64.6486
171 73.3726 0.245842 64.6578
172 73.3043 0.246218 64.6121
173 73.2325 0.245934 64.6761
174 73.1637 0.245158 64.5938
175 73.0952 0.244303 64.6212
176 73.0275 0.244936 64.5755
177 72.9578 0.245034 64.5846
178 72.8921 0.244852 64.5938
179 72.827 0.245608 64.6121
180 72.7591 0.244736 64.5663
181 72.6942 0.244159 64.5389
182 72.6308 0.244309 64.548
183 72.5659 0.244438 64.4749
184 72.5012 0.24359 64.484
185 72.437 0.244048 64.4931
186 72.3727 0.243744 64.484
187 72.3113 0.242519 64.4566
188 72.2471 0.243217 64.4474
189 72.1812 0.244974 64.4749
190 72.1202 0.242593 64.3834
191 72.0602 0.243875 64.3925
192 72.0024 0.242878 64.3742
193 71.9422 0.244177 64.4108
194 71.8799 0.24158 64.3011
195 71.8213 0.243061 64.3651
196 71.7608 0.24246 64.2919
197 71.6995 0.241858 64.3285
198 71.6409 0.241689 64.2736
199 71.5825 0.24192 64.2828
200 71.5259 0.242215 64.2187
201 71.4681 0.240614 64.1913
202 71.41 0.240927 64.173
203 71.351 0.240982 64.1456
204 71.2958 0.241935 64.1913
205 71.2391 0.240719 64.1822
206 71.1847 0.2416 64.1822
207 71.13 0.241437 64.237
208 71.0755 0.241004 64.1822
209 71.0204 0.24062 64.1364
210 70.9663 0.239996 64.1273
211 70.9166 0.24049 64.1273
212 70.8623 0.239974 64.0541
213 70.8078 0.240571 64.0724
214 70.7578 0.240104 64.045
215 70.7047 0.239296 64.0267
216 70.653 0.240052 64.0358
217 70.603 0.240077 64.0907
218 70.5541 0.238982 64.0175
219 70.5043 0.240441 64.0907
220 70.4502 0.239973 64.0633
221 70.3988 0.238537 64.0267
222 70.3487 0.237539 64.0175
223 70.2989 0.237934 64.0358
224 70.2491 0.237697 64.0267
225 70.1993 0.23656 63.9261
226 70.1492 0.237459 63.9626
227 70.1013 0.236824 63.9261
228 70.0524 0.236905 63.9535
229 70.0065 0.236984 63.9443
230 69.9584 0.237064 63.9626
231 69.9103 0.236534 63.9261
232 69.8628 0.236612 63.9169
233 69.8151 0.236453 63.9078
234 69.7679 0.236401 63.9261
235 69.7244 0.235655 63.8803
236 69.6767 0.234531 63.8254
237 69.6327 0.235286 63.8986
238 69.5866 0.235414 63.862
239 69.5425 0.235201 63.8529
240 69.499 0.235121 63.8529
241 69.4549 0.234908 63.8529
242 69.4103 0.235068 63.8529
243 69.3678 0.234423 63.8163
244 69.3219 0.234013 63.7614
245 69.2773 0.234949 63.7797
246 69.2359 0.235042 63.862
247 69.1931 0.234502 63.8071
248 69.1524 0.234639 63.8346
249 69.1086 0.234984 63.8254
250 69.0659 0.235002 63.7797
251 69.0237 0.233754 63.8071
252 68.9811 0.234053 63.8346
253 68.9396 0.233138 63.8071
254 68.8994 0.232268 63.7523
255 68.8581 0.2326 63.798
256 68.817 0.233239 63.7706
257 68.7753 0.231889 63.7431
258 68.7351 0.233263 63.7614
259 68.6947 0.233416 63.7248
260 68.6532 0.232822 63.7065
261 68.6125 0.231568 63.6517
262 68.5737 0.232806 63.6517
263 68.5338 0.231298 63.6517
264 68.4921 0.232002 63.6608
265 68.4512 0.232844 63.6882
266 68.4121 0.232152 63.6242
267 68.3745 0.232409 63.6699
268 68.3358 0.232257 63.6151
269 68.299 0.232257 63.6151
270 68.2617 0.23134 63.6151
271 68.2238 0.232089 63.5968
272 68.1843 0.232973 63.5876
273 68.1476 0.232211 63.5602
274 68.1105 0.23222 63.5145
275 68.0719 0.232449 63.551
276 68.0331 0.233033 63.5327
277 67.9946 0.231237 63.487
278 67.9587 0.232162 63.5053
279 67.9243 0.233313 63.4962
280 67.8899 0.231881 63.4779
281 67.8551 0.230404 63.3864
282 67.8197 0.23049 63.3955
283 67.7825 0.230567 63.3864
284 67.7458 0.23035 63.3864
285 67.7104 0.231072 63.423
286 67.6726 0.231388 63.4047
287 67.6382 0.230783 63.3864
288 67.6023 0.23015 63.3681
289 67.5672 0.230113 63.3498
290 67.5315 0.230053 63.3407
291 67.4964 0.231002 63.3407
292 67.4604 0.230406 63.3407
293 67.4256 0.229793 63.3132
294 67.39 0.23057 63.2949
295 67.3546 0.230819 63.3041
296 67.3194 0.231241 63.2858
297 67.2846 0.230592 63.2858
298 67.2505 0.231133 63.2858
299 67.2185 0.230282 63.2675
300 67.1868 0.229951 63.3041
301 67.1542 0.230216 63.2492
302 67.1195 0.230313 63.2309
303 67.0851 0.231565 63.2858
304 67.0512 0.230608 63.2675
305 67.0172 0.230552 63.2218
306 66.9825 0.230259 63.2309
307 66.9494 0.230585 63.2309
308 66.9171 0.23129 63.2766
309 66.8845 0.230178 63.2309
310 66.852 0.229257 63.1577
311 66.8207 0.229603 63.1852
312 66.7896 0.229986 63.1486
313 66.7572 0.230325 63.1669
314 66.7267 0.231083 63.1669
315 66.6946 0.230256 63.1852
316 66.6639 0.22902 63.1303
317 66.6309 0.229707 63.1394
318 66.6009 0.228364 63.1303
319 66.5702 0.229148 63.1577
320 66.538 0.229667 63.1211
321 66.5082 0.230467 63.176
322 66.4778 0.23065 63.1669
323 66.447 0.228992 63.1303
324 66.4164 0.229442 63.112
325 66.387 0.227589 63.1211
326 66.3561 0.227438 63.1394
327 66.3257 0.228288 63.0663
328 66.2962 0.228035 63.0937
329 66.2671 0.227287 63.0846
330 66.2388 0.227204 63.0846
331 66.2092 0.227884 63.0754
332 66.1814 0.226915 63.0663
333 66.1513 0.227644 63.0846
334 66.1235 0.227307 63.0754
335 66.0945 0.227657 63.0663
336 66.0657 0.227547 63.0663
337 66.0374 0.228096 63.0663
338 66.0082 0.227937 63.0388
339 65.979 0.227125 63.0205
340 65.9509 0.227388 63.0388
341 65.9212 0.225833 62.9931
342 65.8942 0.227283 63.0114
343 65.866 0.227824 63.0022
344 65.8382 0.226736 62.9839
345 65.8115 0.226717 62.9931
346 65.7836 0.226802 63.0297
347 65.7574 0.226409 62.9565
348 65.7297 0.226456 62.9474
349 65.7004 0.226878 62.9565
350 65.6729 0.226776 62.9657
351 65.6452 0.226235 62.9474
352 65.6187 0.227185 62.9931
353 65.5926 0.22704 62.9839
354 65.5666 0.226677 62.9474
355 65.5374 0.22775 62.9474
356 65.5115 0.225191 62.9565
357 65.4856 0.22634 62.9108
358 65.46 0.225549 62.8925
359 65.4341 0.226614 62.9382
360 65.4076 0.225881 62.8925
361 65.3819 0.225893 62.8467
362 65.3568 0.225079 62.865
363 65.3318 0.22469 62.865
364 65.3065 0.226002 62.8742
365 65.2807 0.224904 62.8285
366 65.2526 0.224754 62.8742
367 65.2284 0.224957 62.8833
368 65.2032 0.224755 62.8467
369 65.1773 0.224839 62.8467
370 65.1504 0.224997 62.8376
371 65.1259 0.224997 62.8376
372 65.1011 0.224764 62.8559
373 65.0763 0.224598 62.8285
374 65.051 0.224951 62.8193
375 65.0258 0.224923 62.8193
376 65.0015 0.224923 62.8193
377 64.9751 0.224765 62.801
378 64.95 0.225052 62.8102
379 64.9245 0.224969 62.7827
380 64.9003 0.225062 62.7919
381 64.875 0.22508 62.7827
382 64.8516 0.224959 62.7736
383 64.8275 0.225598 62.801
384 64.8034 0.225099 62.801
385 64.7797 0.225958 62.8285
386 64.7554 0.225302 62.7827
387 64.7309 0.224672 62.7644
388 64.707 0.223926 62.7187
389 64.6827 0.222805 62.6913
390 64.659 0.223637 62.7095
391 64.6351 0.223329 62.7095
392 64.6106 0.223235 62.7004
393 64.5871 0.223563 62.7187
394 64.5644 0.223189 62.7095
395 64.5418 0.223484 62.673
396 64.5181 0.222777 62.6913
397 64.4947 0.223291 62.7004
398 64.4718 0.223001 62.6913
399 64.4501 0.223903 62.673
400 64.4271 0.223571 62.7004
401 64.4044 0.224466 62.7278
402 64.3819 0.224583 62.6821
403 64.3598 0.223746 62.6821
404 64.3362 0.223736 62.673
405 64.3142 0.223973 62.6364
406 64.2905 0.223134 62.6364
407 64.2666 0.222677 62.5815
408 64.2434 0.222688 62.5906
409 64.2203 0.222519 62.5906
410 64.1981 0.22234 62.5815
411 64.1754 0.221794 62.5723
412 64.1532 0.222306 62.5541
413 64.1308 0.222435 62.5449
414 64.1083 0.221471 62.5175
415 64.086 0.221838 62.5175
416 64.0642 0.222098 62.5449
417 64.043 0.222412 62.5266
418 64.021 0.220944 62.4809
419 63.9994 0.219992 62.426
420 63.9761 0.220001 62.4534
421 63.9542 0.219468 62.4169
422 63.9335 0.21935 62.4351
423 63.9125 0.218938 62.426
424 63.8911 0.219411 62.4169
425 63.8693 0.219809 62.4169
426 63.8466 0.220061 62.4351
427 63.8253 0.220924 62.4443
428 63.8033 0.220418 62.426
429 63.7813 0.220535 62.4077
430 63.7616 0.220465 62.3986
431 63.7396 0.221386 62.3894
432 63.7184 0.220345 62.3528
433 63.6973 0.220399 62.3711
434 63.6768 0.222344 62.3894
435 63.655 0.220865 62.3803
436 63.6327 0.220687 62.3345
437 63.6124 0.221207 62.362
438 63.5916 0.218539 62.3254
439 63.5708 0.218511 62.3254
440 63.5505 0.219025 62.3254
441 63.5305 0.218381 62.3345
442 63.5106 0.217854 62.3071
443 63.4906 0.217326 62.2614
444 63.4695 0.217799 62.2705
445 63.4489 0.217279 62.3071
446 63.4274 0.218015 62.2614
447 63.4061 0.218073 62.2431
448 63.3858 0.217959 62.2248
449 63.3648 0.217858 62.2339
450 63.3459 0.217945 62.2156
451 63.3263 0.217442 62.1882
452 63.3062 0.217155 62.1882
453 63.2863 0.217126 62.2065
454 63.2658 0.216939 62.1973
455 63.2449 0.217184 62.1882
456 63.2264 0.217126 62.2065
457 63.2052 0.216752 62.1882
458 63.1844 0.214927 62.1882
459 63.1652 0.216362 62.179
460 63.1445 0.216188 62.179
461 63.1255 0.216145 62.1699
462 63.1053 0.216232 62.1699
463 63.0868 0.216203 62.1882
464 63.0676 0.215956 62.1425
465 63.0483 0.216086 62.1333
466 63.0291 0.21594 62.115
467 63.0103 0.216054 62.0967
468 62.991 0.216777 62.115
469 62.9728 0.215678 62.0967
470 62.9543 0.215592 62.115
471 62.9367 0.215809 62.1059
472 62.9177 0.215794 62.0967
473 62.8987 0.215645 62.0601
474 62.8788 0.215399 62.0693
475 62.8592 0.215252 62.051
476 62.8401 0.214092 61.987
477 62.822 0.215772 62.0327
478 62.8037 0.215656 62.0327
479 62.785 0.216264 62.0327
480 62.7665 0.21573 62.0418
481 62.748 0.215964 62.0601
482 62.7288 0.216077 62.0418
483 62.7099 0.215732 62.0601
484 62.6907 0.215669 62.0235
485 62.6726 0.215666 62.0053
486 62.6539 0.214866 61.9961
487 62.6356 0.214785 62.0327
488 62.6181 0.215302 61.9961
489 62.6 0.214726 61.9504
490 62.5816 0.21441 61.9687
491 62.5635 0.21495 61.9778
492 62.5441 0.214895 61.9961
493 62.5262 0.215021 61.9687
494 62.5076 0.214876 61.9687
495 62.4897 0.215978 61.9687
496 62.4726 0.215141 61.987
497 62.4549 0.215447 61.9961
498 62.4366 0.214555 61.9687
499 62.4179 0.214784 61.9504
500 62.3986 0.215411 61.9595
501 62.3805 0.214988 61.9504
502 62.363 0.214714 61.9595
503 62.3452 0.214643 61.9687
504 62.3285 0.213904 61.9961
505 62.3116 0.213981 61.9412
506 62.295 0.214768 61.9412
507 62.2769 0.214672 61.9687
508 62.2594 0.214946 61.9595
509 62.2429 0.215137 61.9687
510 62.2243 0.214755 61.9504
511 62.2074 0.214589 61.9229
512 62.1902 0.214676 61.9229
513 62.1724 0.214577 61.9321
514 62.1549 0.214584 61.9046
515 62.138 0.214543 61.9138
516 62.121 0.214638 61.8863
517 62.104 0.21406 61.9046
518 62.0863 0.213967 61.8863
519 62.0689 0.214189 61.8955
520 62.0508 0.213816 61.8681
521 62.0343 0.213921 61.8772
522 62.0176 0.213874 61.8681
523 62 0.21403 61.9046
524 61.9833 0.213436 61.8681
525 61.9667 0.214125 61.8772
526 61.9499 0.213962 61.8681
527 61.9336 0.215137 61.9046
528 61.9163 0.213974 61.8132
529 61.8987 0.213565 61.8589
530 61.8818 0.212961 61.804
531 61.8653 0.212814 61.804
532 61.8486 0.212879 61.8223
533 61.8319 0.213014 61.8315
534 61.815 0.212326 61.7949
535 61.7977 0.212242 61.7674
536 61.7813 0.211966 61.7766
537 61.7651 0.211693 61.7583
538 61.7489 0.211605 61.7583
539 61.7333 0.211822 61.7491
540 61.7162 0.211176 61.7217
541 61.7 0.211205 61.7217
542 61.6844 0.212305 61.74
543 61.6688 0.211154 61.74
544 61.6516 0.211227 61.7034
545 61.6358 0.211708 61.7217
546 61.6196 0.21123 61.676
547 61.6032 0.211046 61.7309
548 61.587 0.211109 61.7034
549 61.5713 0.211149 61.6943
550 61.5561 0.211101 61.6851
551 61.5399 0.211041 61.6851
552 61.5241 0.211113 61.6485
553 61.5076 0.211084 61.6485
554 61.492 0.211044 61.6577
555 61.4773 0.211772 61.6668
556 61.4612 0.210857 61.6394
557 61.446 0.211232 61.6485
558 61.4303 0.211073 61.6577
559 61.4148 0.2114 61.6302
560 61.3986 0.211015 61.6302
561 61.3829 0.212214 61.6668
562 61.3671 0.210779 61.6028
563 61.3518 0.211044 61.6577
564 61.3371 0.21185 61.676
565 61.3221 0.211054 61.6485
566 61.3064 0.211094 61.6394
567 61.2905 0.210641 61.5937
568 61.2755 0.209032 61.6211
569 61.2597 0.208821 61.6485
570 61.2438 0.208013 61.5937
571 61.2287 0.207912 61.6302
572 61.2139 0.207511 61.6119
573 61.1997 0.207782 61.6119
574 61.1847 0.207632 61.5845
575 61.1691 0.20711 61.5937
576 61.154 0.207441 61.5937
577 61.1391 0.20719 61.5754
578 61.1245 0.207431 61.6028
579 61.1097 0.207592 61.5937
580 61.0952 0.206828 61.5754
581 61.0805 0.207351 61.5937
582 61.0665 0.207482 61.5845
583 61.0517 0.20711 61.5662
584 61.037 0.206666 61.5571
585 61.0216 0.207189 61.5479
586 61.0072 0.207783 61.5845
587 60.9925 0.2072 61.5662
588 60.9777 0.207401 61.5754
589 60.9633 0.20725 61.5479
590 60.9489 0.207431 61.5754
591 60.9347 0.20727 61.5571
592 60.92 0.20729 61.5388
593 60.9052 0.207329 61.5296
594 60.8906 0.207228 61.5113
595 60.876 0.207348 61.5113
596 60.8626 0.207318 61.5113
597 60.8486 0.207983 61.5662
598 60.8337 0.207592 61.5662
599 60.8189 0.207328 61.5022


0 13.0205 0.451677 3.65867
1 12.5388 0.262902 3.65867
2 11.2889 0.235499 3.65867
3 10.317 0.217339 3.65867
4 9.62956 0.199714 3.65867
5 9.04681 0.189961 3.65867
6 8.57369 0.178794 3.65867
7 8.17184 0.169137 3.65867
8 7.85919 0.158903 3.65867
9 7.57956 0.151849 3.65867
10 7.35112 0.148791 3.65867
11 7.12757 0.143265 3.65867
12 6.93522 0.138557 3.65867
13 6.79516 0.134883 3.65867
14 6.66495 0.131315 3.65867
15 6.53374 0.126917 3.65867
16 6.44729 0.121834 3.65867
17 6.32771 0.117563 3.65867
18 6.25618 0.115378 3.65867
19 6.16061 0.11272 3.65867
20 6.08491 0.110973 3.65867
21 6.00356 0.10792 3.65867
22 5.93832 0.10707 3.65867
23 5.88163 0.105246 3.65867
24 5.80696 0.103171 3.65867
25 5.74985 0.100664 3.65867
26 5.71238 0.0997985 3.65867
27 5.66181 0.0986723 3.65867
28 5.6227 0.0968811 3.65867
29 5.55525 0.0954981 3.65867
30 5.52037 0.0947581 3.65867
31 5.48315 0.0931436 3.65867
32 5.43969 0.093539 3.65867
33 5.40441 0.0921674 3.65867
34 5.3792 0.0911592 3.65867
35 5.35522 0.0901676 3.65867
36 5.3138 0.0888436 3.65867
37 5.28507 0.0880592 3.65867
38 5.2571 0.0880394 3.65867
39 5.22205 0.0867569 3.65867
40 5.19685 0.0868135 3.65867
41 5.17564 0.0852487 3.65867
42 5.16432 0.083808 3.65867
43 5.13762 0.0819162 3.65867
44 5.10604 0.0819159 3.65867
45 5.08697 0.0811372 3.65867
46 5.06499 0.0806335 3.65867
47 5.04556 0.0799004 3.65867
48 5.01292 0.0787068 3.65867
49 5.00768 0.0775424 3.65867
50 4.99626 0.0770487 3.65867
51 4.9786 0.075565 3.65867
52 4.95229 0.0757958 3.65867
53 4.93176 0.075429 3.65867
54 4.91483 0.0749843 3.65867
55 4.89642 0.0751331 3.65867
56 4.88185 0.0746866 3.65867
57 4.8643 0.0741258 3.65867
58 4.8516 0.0740395 3.65867
59 4.83911 0.0743261 3.65867
60 4.83009 0.0739732 3.65867
61 4.81385 0.073761 3.65867
62 4.80558 0.0736854 3.65867
63 4.79019 0.073278 3.65867
64 4.78161 0.0728877 3.65867
65 4.77005 0.0727104 3.65867
66 4.75763 0.0725692 3.65867
67 4.74699 0.0722409 3.65867
68 4.73947 0.0720781 3.65867
69 4.73297 0.0717833 3.65867
70 4.71278 0.0714811 3.65867
71 4.70406 0.0714206 3.65867
72 4.69704 0.0716193 3.65867
73 4.68821 0.0712058 3.65867
74 4.67794 0.0707752 3.65867
75 4.66372 0.0705847 3.65867
76 4.65391 0.0702595 3.65867
77 4.63889 0.070237 3.65867
78 4.6313 0.0699944 3.65867
79 4.62427 0.0698921 3.65867
80 4.61588 0.0695946 3.65867
81 4.61762 0.0692942 3.65867
82 4.60365 0.0688629 3.65867
83 4.5935 0.0683225 3.65867
84 4.59033 0.0678726 3.65867
85 4.5781 0.0680318 3.65867
86 4.56761 0.0675519 3.65867
87 4.55051 0.0675126 3.65867
88 4.54842 0.0675582 3.65867
89 4.54357 0.0677983 3.65867
90 4.52746 0.0672838 3.65867
91 4.51915 0.0672847 3.65867
92 4.51609 0.067082 3.65867
93 4.51487 0.0668934 3.65867
94 4.50801 0.0665522 3.65867
95 4.49866 0.066645 3.65867
96 4.49488 0.0664779 3.65867
97 4.4898 0.0665563 3.65867
98 4.48207 0.066321 3.65867
99 4.47684 0.0662326 3.65867
100 4.46744 0.0659539 3.65867
101 4.46471 0.0660652 3.65867
102 4.46034 0.0660789 3.65867
103 4.45205 0.0659801 3.65867
104 4.44391 0.0660766 3.65867
105 4.4414 0.0656802 3.65867
106 4.42837 0.0656825 3.65867
107 4.42566 0.0659111 3.65867
108 4.42513 0.0658147 3.65867
109 4.41265 0.0658596 3.65867
110 4.40962 0.0654385 3.65867
111 4.40385 0.0649333 3.65867
112 4.39717 0.0652385 3.65867
113 4.39397 0.0648473 3.65867
114 4.39356 0.0651103 3.65867
115 4.38461 0.0651363 3.65867
116 4.38063 0.0644782 3.65867
117 4.38135 0.0643018 3.65867
118 4.37884 0.0640574 3.65867
119 4.37015 0.0641358 3.65867
120 4.36877 0.0639416 3.65867
121 4.36143 0.0636623 3.65867
122 4.35705 0.0639532 3.65867
123 4.34926 0.0634913 3.65867
124 4.34598 0.0633534 3.65867
125 4.34298 0.0632373 3.65867
126 4.3338 0.0633871 3.65867
127 4.32892 0.0634575 3.65867
128 4.32546 0.0630859 3.65867
129 4.32199 0.063032 3.65867
130 4.31527 0.0630141 3.65867
131 4.30933 0.062895 3.65867
132 4.30422 0.0627187 3.65867
133 4.29898 0.0626509 3.65867
134 4.29141 0.0624285 3.65867
135 4.28521 0.0624724 3.65867
136 4.2839 0.062089 3.65867
137 4.27657 0.0622376 3.65867
138 4.27342 0.0620963 3.65867
139 4.26819 0.0618897 3.65867
140 4.26407 0.0619092 3.65867
141 4.25984 0.0617377 3.65867
142 4.25656 0.0614421 3.65867
143 4.25295 0.0616892 3.65867
144 4.24643 0.0615422 3.65867
145 4.24031 0.0614555 3.65867
146 4.24001 0.0616077 3.65867
147 4.23518 0.0613645 3.65867
148 4.23076 0.0612776 3.65867
149 4.22597 0.0612362 3.65867
150 4.21989 0.0611809 3.65867
151 4.21559 0.0608948 3.65867
152 4.21442 0.0610316 3.65867
153 4.21168 0.0608394 3.65867
154 4.20258 0.0607677 3.65867
155 4.20089 0.0606616 3.65867
156 4.2004 0.060695 3.65867
157 4.19768 0.0606451 3.65867
158 4.19488 0.0604474 3.65867
159 4.18919 0.0603133 3.65867
160 4.18423 0.0604126 3.65867
161 4.18334 0.0600197 3.65867
162 4.18299 0.060108 3.65867
163 4.1817 0.0601942 3.65867
164 4.17514 0.0599558 3.65867
165 4.16961 0.0599409 3.65867
166 4.16828 0.0599835 3.65867
167 4.16705 0.0597696 3.65867
168 4.16091 0.0595287 3.65867
169 4.16183 0.0595836 3.65867
170 4.15651 0.0596891 3.65867
171 4.15179 0.0594072 3.65867
172 4.15087 0.0595278 3.65867
173 4.1427 0.0592898 3.65867
174 4.14408 0.0591966 3.65867
175 4.13844 0.0588892 3.65867
176 4.13753 0.0590715 3.65867
177 4.133 0.0590256 3.65867
178 4.12869 0.0589152 3.65867
179 4.12384 0.0590149 3.65867
180 4.12291 0.0588344 3.65867
181 4.12099 0.0586947 3.65867
182 4.11681 0.0586663 3.65867
183 4.1178 0.0587773 3.65867
184 4.11354 0.0585078 3.65867
185 4.10932 0.0585527 3.65867
186 4.10625 0.0584468 3.65867
187 4.10452 0.0581547 3.65867
188 4.10145 0.0582892 3.65867
189 4.09597 0.0586114 3.65867
190 4.09832 0.0581555 3.65867
191 4.09433 0.0584008 3.65867
192 4.09221 0.0581503 3.65867
193 4.08647 0.0583506 3.65867
194 4.0899 0.0578744 3.65867
195 4.08249 0.0580719 3.65867
196 4.0837 0.0580104 3.65867
197 4.07789 0.0577559 3.65867
198 4.07803 0.0577667 3.65867
199 4.07413 0.0577615 3.65867
200 4.07497 0.0579008 3.65867
201 4.07342 0.0575219 3.65867
202 4.07126 0.0575846 3.65867
203 4.06964 0.0576007 3.65867
204 4.0636 0.0577063 3.65867
205 4.06094 0.057389 3.65867
206 4.05784 0.0575576 3.65867
207 4.05126 0.0573818 3.65867
208 4.05162 0.0573327 3.65867
209 4.05137 0.0572786 3.65867
210 4.04885 0.057105 3.65867
211 4.04602 0.0571848 3.65867
212 4.04754 0.0571474 3.65867
213 4.04327 0.0572165 3.65867
214 4.04215 0.0571149 3.65867
215 4.04027 0.0569139 3.65867
216 4.03674 0.0570386 3.65867
217 4.03043 0.0569116 3.65867
218 4.03224 0.056741 3.65867
219 4.02479 0.0569229 3.65867
220 4.02342 0.0568184 3.65867
221 4.02279 0.0565022 3.65867
222 4.0205 0.0562437 3.65867
223 4.01651 0.0562684 3.65867
224 4.01423 0.0561905 3.65867
225 4.0177 0.0560552 3.65867
226 4.01254 0.056168 3.65867
227 4.0121 0.0560441 3.65867
228 4.00758 0.0559797 3.65867
229 4.00552 0.0559793 3.65867
230 4.00162 0.0559309 3.65867
231 4.00116 0.0558317 3.65867
232 3.99901 0.05583 3.65867
233 3.99686 0.0557721 3.65867
234 3.99301 0.0556935 3.65867
235 3.99338 0.0555623 3.65867
236 3.99408 0.055354 3.65867
237 3.98698 0.0553758 3.65867
238 3.98663 0.0554331 3.65867
239 3.98467 0.0553652 3.65867
240 3.98218 0.0553138 3.65867
241 3.97965 0.0552308 3.65867
242 3.9771 0.0552349 3.65867
243 3.97694 0.055113 3.65867
244 3.97773 0.055074 3.65867
245 3.97403 0.0552303 3.65867
246 3.96654 0.0550831 3.65867
247 3.96749 0.0550161 3.65867
248 3.96346 0.0549721 3.65867
249 3.96152 0.0550354 3.65867
250 3.9619 0.0550843 3.65867
251 3.95778 0.0547145 3.65867
252 3.95364 0.054707 3.65867
253 3.95296 0.0545079 3.65867
254 3.95405 0.0543653 3.65867
255 3.94885 0.0543367 3.65867
256 3.9482 0.0545009 3.65867
257 3.9475 0.0541998 3.65867
258 3.94406 0.0544608 3.65867
259 3.944 0.054527 3.65867
260 3.94275 0.0543875 3.65867
261 3.94382 0.0541551 3.65867
262 3.94158 0.0544157 3.65867
263 3.93929 0.0540336 3.65867
264 3.93633 0.054152 3.65867
265 3.93228 0.0542725 3.65867
266 3.93399 0.054188 3.65867
267 3.929 0.0541443 3.65867
268 3.93017 0.0541708 3.65867
269 3.92805 0.0541434 3.65867
270 3.92591 0.053902 3.65867
271 3.92486 0.0540785 3.65867
272 3.92315 0.05427 3.65867
273 3.92273 0.0541104 3.65867
274 3.92342 0.0541603 3.65867
275 3.91893 0.0541246 3.65867
276 3.91783 0.0542617 3.65867
277 3.91843 0.0538901 3.65867
278 3.91524 0.0540487 3.65867
279 3.91382 0.0543059 3.65867
280 3.91296 0.0539771 3.65867
281 3.9166 0.0537575 3.65867
282 3.91399 0.0537362 3.65867
283 3.91241 0.0537415 3.65867
284 3.91029 0.0536636 3.65867
285 3.90599 0.0537454 3.65867
286 3.90494 0.0538206 3.65867
287 3.90408 0.0536845 3.65867
288 3.90313 0.0535404 3.65867
289 3.90223 0.0535357 3.65867
290 3.90074 0.0535103 3.65867
291 3.89871 0.0537048 3.65867
292 3.89663 0.0535395 3.65867
293 3.89631 0.053416 3.65867
294 3.89538 0.0536 3.65867
295 3.89277 0.0536165 3.65867
296 3.89186 0.0537183 3.65867
297 3.88985 0.0535414 3.65867
298 3.88788 0.0536416 3.65867
299 3.88715 0.0534501 3.65867
300 3.88307 0.05329 3.65867
301 3.88455 0.0534169 3.65867
302 3.88367 0.0534435 3.65867
303 3.87831 0.0536179 3.65867
304 3.87747 0.0534008 3.65867
305 3.87831 0.0534373 3.65867
306 3.87574 0.0533286 3.65867
307 3.87383 0.0533792 3.65867
308 3.86916 0.0534434 3.65867
309 3.87007 0.0532366 3.65867
310 3.87267 0.0531186 3.65867
311 3.86918 0.0531308 3.65867
312 3.86962 0.0532557 3.65867
313 3.86662 0.05328 3.65867
314 3.86485 0.0534326 3.65867
315 3.86188 0.0531875 3.65867
316 3.86345 0.0529681 3.65867
317 3.86098 0.0530877 3.65867
318 3.8598 0.0527696 3.65867
319 3.85634 0.0528836 3.65867
320 3.85672 0.0530387 3.65867
321 3.85164 0.0531116 3.65867
322 3.85044 0.053146 3.65867
323 3.85089 0.0528004 3.65867
324 3.85022 0.052911 3.65867
325 3.84796 0.0524472 3.65867
326 3.84506 0.0523601 3.65867
327 3.84776 0.0526512 3.65867
328 3.84437 0.0525268 3.65867
329 3.84324 0.0523476 3.65867
330 3.8416 0.0523077 3.65867
331 3.84044 0.0524569 3.65867
332 3.83938 0.0522279 3.65867
333 3.83653 0.052344 3.65867
334 3.83547 0.0522607 3.65867
335 3.83434 0.0523344 3.65867
336 3.83267 0.0522878 3.65867
337 3.83103 0.0523929 3.65867
338 3.831 0.0523787 3.65867
339 3.83042 0.0522 3.65867
340 3.82768 0.0522101 3.65867
341 3.82873 0.0519041 3.65867
342 3.82605 0.052188 3.65867
343 3.82497 0.0523061 3.65867
344 3.82447 0.052065 3.65867
345 3.82236 0.0520261 3.65867
346 3.81852 0.0519667 3.65867
347 3.82144 0.051974 3.65867
348 3.82038 0.0519789 3.65867
349 3.81813 0.0520393 3.65867
350 3.81597 0.0519809 3.65867
351 3.81547 0.0518657 3.65867
352 3.81117 0.0519906 3.65867
353 3.8102 0.0519526 3.65867
354 3.8109 0.0519087 3.65867
355 3.80921 0.0521327 3.65867
356 3.80715 0.0515135 3.65867
357 3.80841 0.05183 3.65867
358 3.80803 0.051659 3.65867
359 3.80375 0.0518107 3.65867
360 3.80498 0.0516963 3.65867
361 3.80625 0.0517527 3.65867
362 3.80368 0.0515188 3.65867
363 3.80223 0.0514113 3.65867
364 3.80021 0.0516783 3.65867
365 3.80146 0.0514807 3.65867
366 3.79707 0.0513533 3.65867
367 3.79511 0.0513675 3.65867
368 3.79585 0.0513605 3.65867
369 3.79434 0.0513605 3.65867
370 3.79333 0.0513912 3.65867
371 3.7919 0.0513732 3.65867
372 3.78935 0.051273 3.65867
373 3.78957 0.0512602 3.65867
374 3.78864 0.0513363 3.65867
375 3.78717 0.0513114 3.65867
376 3.78576 0.0512935 3.65867
377 3.78532 0.051267 3.65867
378 3.78331 0.0512995 3.65867
379 3.78348 0.051305 3.65867
380 3.78152 0.0512938 3.65867
381 3.78059 0.0512937 3.65867
382 3.77978 0.0512635 3.65867
383 3.77673 0.0513477 3.65867
384 3.77532 0.0512162 3.65867
385 3.77229 0.0513507 3.65867
386 3.77363 0.0512559 3.65867
387 3.7733 0.0511233 3.65867
388 3.77466 0.0510079 3.65867
389 3.77489 0.0507776 3.65867
390 3.77241 0.0509211 3.65867
391 3.77101 0.0508335 3.65867
392 3.77013 0.0508084 3.65867
393 3.76766 0.050837 3.65867
394 3.76688 0.0507497 3.65867
395 3.76776 0.0508575 3.65867
396 3.76528 0.0506505 3.65867
397 3.76337 0.050736 3.65867
398 3.76258 0.0506675 3.65867
399 3.76241 0.0508853 3.65867
400 3.75942 0.0507498 3.65867
401 3.75645 0.0508931 3.65867
402 3.75788 0.0509748 3.65867
403 3.75659 0.0507687 3.65867
404 3.75576 0.0507632 3.65867
405 3.75667 0.0508583 3.65867
406 3.75529 0.0506504 3.65867
407 3.75718 0.0506146 3.65867
408 3.75528 0.0505858 3.65867
409 3.75393 0.0505306 3.65867
410 3.75318 0.0504877 3.65867
411 3.7524 0.0503614 3.65867
412 3.7522 0.0504899 3.65867
413 3.75144 0.0505171 3.65867
414 3.75177 0.0503244 3.65867
415 3.75046 0.0503913 3.65867
416 3.74754 0.0503915 3.65867
417 3.7474 0.0504759 3.65867
418 3.74885 0.0501975 3.65867
419 3.75088 0.0500505 3.65867
420 3.74787 0.0499929 3.65867
421 3.74878 0.0499123 3.65867
422 3.74647 0.0498423 3.65867
423 3.74579 0.0497476 3.65867
424 3.74508 0.0498534 3.65867
425 3.74381 0.0499281 3.65867
426 3.74138 0.0499405 3.65867
427 3.73958 0.0501064 3.65867
428 3.73939 0.0500038 3.65867
429 3.7392 0.0500426 3.65867
430 3.73858 0.0500266 3.65867
431 3.73784 0.0502337 3.65867
432 3.73879 0.0500385 3.65867
433 3.73646 0.050007 3.65867
434 3.73416 0.0504046 3.65867
435 3.73343 0.0500675 3.65867
436 3.73486 0.0500818 3.65867
437 3.73203 0.0501421 3.65867
438 3.733 0.0495786 3.65867
439 3.73178 0.0495569 3.65867
440 3.73059 0.0496588 3.65867
441 3.72886 0.0494841 3.65867
442 3.72934 0.0493923 3.65867
443 3.7309 0.0493281 3.65867
444 3.72911 0.0494062 3.65867
445 3.72572 0.0492174 3.65867
446 3.72719 0.0494386 3.65867
447 3.72703 0.0494643 3.65867
448 3.72693 0.0494518 3.65867
449 3.72515 0.0493996 3.65867
450 3.72513 0.0494336 3.65867
451 3.72563 0.0493475 3.65867
452 3.72444 0.0492676 3.65867
453 3.72217 0.0492186 3.65867
454 3.72152 0.0491754 3.65867
455 3.72083 0.0492296 3.65867
456 3.71865 0.0491752 3.65867
457 3.7185 0.0491029 3.65867
458 3.71728 0.0486747 3.65867
459 3.71669 0.0489996 3.65867
460 3.71548 0.0489454 3.65867
461 3.71491 0.0489358 3.65867
462 3.71371 0.0489407 3.65867
463 3.71154 0.0488931 3.65867
464 3.71314 0.0488928 3.65867
465 3.71254 0.0489221 3.65867
466 3.71251 0.048903 3.65867
467 3.71249 0.0489432 3.65867
468 3.71026 0.0490651 3.65867
469 3.71029 0.0488308 3.65867
470 3.7081 0.0487703 3.65867
471 3.70761 0.0488205 3.65867
472 3.70704 0.0488172 3.65867
473 3.7081 0.0488254 3.65867
474 3.70638 0.0487416 3.65867
475 3.70632 0.0487218 3.65867
476 3.70902 0.0485423 3.65867
477 3.70522 0.0488403 3.65867
478 3.70414 0.0488008 3.65867
479 3.70304 0.0489248 3.65867
480 3.7014 0.0487766 3.65867
481 3.69922 0.0487883 3.65867
482 3.69917 0.0488278 3.65867
483 3.69697 0.0487084 3.65867
484 3.69802 0.0487358 3.65867
485 3.69804 0.0487498 3.65867
486 3.69748 0.0485693 3.65867
487 3.69423 0.0484824 3.65867
488 3.69537 0.0486419 3.65867
489 3.69704 0.048568 3.65867
490 3.69485 0.0484555 3.65867
491 3.69324 0.0485506 3.65867
492 3.691 0.0484966 3.65867
493 3.69158 0.0485535 3.65867
494 3.69049 0.0485073 3.65867
495 3.68943 0.0487431 3.65867
496 3.68733 0.0485141 3.65867
497 3.68574 0.0485565 3.65867
498 3.6863 0.0483837 3.65867
499 3.68628 0.0484495 3.65867
500 3.68459 0.048563 3.65867
501 3.68407 0.0484684 3.65867
502 3.68249 0.0483801 3.65867
503 3.6809 0.0483374 3.65867
504 3.67828 0.0481179 3.65867
505 3.68055 0.0482054 3.65867
506 3.67956 0.0483707 3.65867
507 3.67687 0.0482947 3.65867
508 3.67637 0.0483575 3.65867
509 3.67486 0.0483747 3.65867
510 3.67484 0.048303 3.65867
511 3.67548 0.0482947 3.65867
512 3.67446 0.0483019 3.65867
513 3.67287 0.0482528 3.65867
514 3.67346 0.0482832 3.65867
515 3.67192 0.048248 3.65867
516 3.67254 0.0482983 3.65867
517 3.67045 0.0481284 3.65867
518 3.67049 0.0481223 3.65867
519 3.66892 0.0481458 3.65867
520 3.66947 0.0480901 3.65867
521 3.66796 0.0480881 3.65867
522 3.66751 0.0480794 3.65867
523 3.6643 0.0480468 3.65867
524 3.66548 0.047956 3.65867
525 3.66396 0.0480852 3.65867
526 3.6635 0.0480502 3.65867
527 3.66038 0.0482472 3.65867
528 3.66477 0.048111 3.65867
529 3.66102 0.0479377 3.65867
530 3.66327 0.047872 3.65867
531 3.66229 0.0478271 3.65867
532 3.66022 0.0478024 3.65867
533 3.65869 0.0478071 3.65867
534 3.65986 0.0476949 3.65867
535 3.66046 0.0477046 3.65867
536 3.65895 0.0476171 3.65867
537 3.65907 0.0475715 3.65867
538 3.65811 0.0475399 3.65867
539 3.65773 0.0475914 3.65867
540 3.65834 0.0474746 3.65867
541 3.65738 0.0474696 3.65867
542 3.65537 0.0476783 3.65867
543 3.65445 0.0474085 3.65867
544 3.65559 0.047467 3.65867
545 3.65358 0.0475365 3.65867
546 3.65532 0.0474853 3.65867
547 3.6511 0.0473511 3.65867
548 3.65177 0.0473942 3.65867
549 3.65137 0.0474055 3.65867
550 3.65102 0.0473973 3.65867
551 3.65005 0.0473724 3.65867
552 3.65128 0.0474314 3.65867
553 3.6503 0.047413 3.65867
554 3.64884 0.0473793 3.65867
555 3.64742 0.0475186 3.65867
556 3.64809 0.0473424 3.65867
557 3.64664 0.047402 3.65867
558 3.64517 0.0473416 3.65867
559 3.64588 0.0474446 3.65867
560 3.64492 0.0473466 3.65867
561 3.64182 0.0475499 3.65867
562 3.64467 0.0473117 3.65867
563 3.64052 0.0472788 3.65867
564 3.63856 0.0474217 3.65867
565 3.63929 0.0472733 3.65867
566 3.6389 0.0472846 3.65867
567 3.64066 0.0472393 3.65867
568 3.63815 0.0468275 3.65867
569 3.63559 0.046729 3.65867
570 3.63788 0.046617 3.65867
571 3.63483 0.0465303 3.65867
572 3.63503 0.0464568 3.65867
573 3.63419 0.0465074 3.65867
574 3.63492 0.0465032 3.65867
575 3.63345 0.0463619 3.65867
576 3.63255 0.0464255 3.65867
577 3.63274 0.0463853 3.65867
578 3.63026 0.0463891 3.65867
579 3.62992 0.0464279 3.65867
580 3.63014 0.0462733 3.65867
581 3.62819 0.0463534 3.65867
582 3.62789 0.046386 3.65867
583 3.62809 0.046319 3.65867
584 3.62776 0.0462227 3.65867
585 3.62738 0.0463422 3.65867
586 3.62437 0.0464114 3.65867
587 3.62457 0.0462974 3.65867
588 3.62316 0.0463187 3.65867
589 3.62392 0.0463145 3.65867
590 3.62145 0.0463051 3.65867
591 3.62167 0.0462856 3.65867
592 3.62188 0.0463061 3.65867
593 3.62154 0.0463178 3.65867
594 3.62175 0.0463114 3.65867
595 3.62088 0.046328 3.65867
596 3.62008 0.0463118 3.65867
597 3.61602 0.0463704 3.65867
598 3.61513 0.0462727 3.65867
599 3.61802 0.0462963 3.65867