0 23.0375 1.26116 7.81615 6.10335
1 19.1925 0.616959 7.81615 6.10335
2 18.3 0.584166 7.81615 6.10335
3 17.7825 0.554324 7.81615 6.10335
4 17.035 0.526471 7.81615 6.10335
5 16.68 0.512146 7.81615 6.10335
6 16.305 0.497863 7.81615 6.10335
7 16.0725 0.481877 7.81615 6.10335
8 15.885 0.47891 7.81615 6.10335
9 15.7475 0.469464 7.81615 6.10335
10 15.555 0.460576 7.81615 6.10335
11 15.44 0.46136 7.81615 6.10335
12 15.2925 0.456856 7.81615 6.10335
13 15.2425 0.452876 7.81615 6.10335
14 15.0975 0.452101 7.81615 6.10335
15 15.0425 0.448374 7.81615 6.10335
16 14.95 0.443079 7.81615 6.10335
17 14.8575 0.439409 7.81615 6.10335
18 14.8125 0.435021 7.81615 6.10335
19 14.715 0.430171 7.81615 6.10335
20 14.6025 0.421899 7.81615 6.10335
21 14.5575 0.419916 7.81615 6.10335
22 14.525 0.417191 7.81615 6.10335
23 14.435 0.413297 7.81615 6.10335
24 14.3925 0.413139 7.81615 6.10335
25 14.3775 0.413053 7.81615 6.10335
26 14.33 0.408736 7.81615 6.10335
27 14.3075 0.40946 7.81615 6.10335
28 14.2975 0.410667 7.81615 6.10335
29 14.265 0.408594 7.81615 6.10335
30 14.235 0.405893 7.81615 6.10335
31 14.2 0.404305 7.81615 6.10335
32 14.1775 0.401142 7.81615 6.10335
33 14.1375 0.399761 7.81615 6.10335
34 14.1125 0.395316 7.81615 6.10335
35 14.09 0.396758 7.81615 6.10335
36 14.0775 0.397811 7.81615 6.10335
37 14.0525 0.396736 7.81615 6.10335
38 14.015 0.392475 7.81615 6.10335
39 14.035 0.390861 7.81615 6.10335
40 13.9825 0.390791 7.81615 6.10335
41 13.96 0.390203 7.81615 6.10335
42 13.93 0.389551 7.81615 6.10335
43 13.9175 0.386719 7.81615 6.10335
44 13.855 0.385824 7.81615 6.10335
45 13.8575 0.387192 7.81615 6.10335
46 13.8375 0.385004 7.81615 6.10335
47 13.815 0.38375 7.81615 6.10335
48 13.815 0.383245 7.81615 6.10335
49 13.775 0.380852 7.81615 6.10335
50 13.755 0.379885 7.81615 6.10335
51 13.765 0.379637 7.81615 6.10335
52 13.7525 0.380284 7.81615 6.10335
53 13.7225 0.377874 7.81615 6.10335
54 13.7175 0.375525 7.81615 6.10335
55 13.715 0.378529 7.81615 6.10335
56 13.6925 0.37917 7.81615 6.10335
57 13.71 0.378355 7.81615 6.10335
58 13.67 0.375537 7.81615 6.10335
59 13.66 0.37393 7.81615 6.10335
60 13.6425 0.372138 7.81615 6.10335
61 13.63 0.371696 7.81615 6.10335
62 13.63 0.369909 7.81615 6.10335
63 13.6225 0.370034 7.81615 6.10335
64 13.6075 0.370332 7.81615 6.10335
65 13.6075 0.371243 7.81615 6.10335
66 13.58 0.368132 7.81615 6.10335
67 13.5825 0.368793 7.81615 6.10335
68 13.58 0.368472 7.81615 6.10335
69 13.57 0.369409 7.81615 6.10335
70 13.56 0.368074 7.81615 6.10335
71 13.5725 0.367984 7.81615 6.10335
72 13.5525 0.367669 7.81615 6.10335
73 13.5325 0.368202 7.81615 6.10335
74 13.5425 0.36842 7.81615 6.10335
75 13.525 0.367727 7.81615 6.10335
76 13.5175 0.367235 7.81615 6.10335
77 13.5 0.366879 7.81615 6.10335
78 13.515 0.368561 7.81615 6.10335
79 13.4775 0.366314 7.81615 6.10335
80 13.465 0.366738 7.81615 6.10335
81 13.46 0.366396 7.81615 6.10335
82 13.45 0.367415 7.81615 6.10335
83 13.4475 0.366153 7.81615 6.10335
84 13.4375 0.364987 7.81615 6.10335
85 13.43 0.365633 7.81615 6.10335
86 13.425 0.365169 7.81615 6.10335
87 13.445 0.364167 7.81615 6.10335
88 13.4325 0.365258 7.81615 6.10335
89 13.4375 0.366269 7.81615 6.10335
90 13.4375 0.366882 7.81615 6.10335
91 13.4475 0.366665 7.81615 6.10335
92 13.435 0.36454 7.81615 6.10335
93 13.4125 0.363137 7.81615 6.10335
94 13.42 0.362521 7.81615 6.10335
95 13.4 0.362405 7.81615 6.10335
96 13.3925 0.36081 7.81615 6.10335
97 13.385 0.3616 7.81615 6.10335
98 13.365 0.360561 7.81615 6.10335
99 13.3675 0.359835 7.81615 6.10335
100 13.365 0.359241 7.81615 6.10335
101 13.36 0.360175 7.81615 6.10335
102 13.3425 0.357702 7.81615 6.10335
103 13.34 0.359007 7.81615 6.10335
104 13.35 0.360043 7.81615 6.10335
105 13.34 0.356702 7.81615 6.10335
106 13.3325 0.356009 7.81615 6.10335
107 13.3325 0.35629 7.81615 6.10335
108 13.325 0.356175 7.81615 6.10335
109 13.31 0.355665 7.81615 6.10335
110 13.295 0.354922 7.81615 6.10335
111 13.31 0.356279 7.81615 6.10335
112 13.3075 0.355345 7.81615 6.10335
113 13.285 0.354467 7.81615 6.10335
114 13.2775 0.353979 7.81615 6.10335
115 13.29 0.35532 7.81615 6.10335
116 13.285 0.354273 7.81615 6.10335
117 13.2825 0.355273 7.81615 6.10335
118 13.275 0.354046 7.81615 6.10335
119 13.2925 0.354848 7.81615 6.10335
120 13.2775 0.354297 7.81615 6.10335
121 13.2675 0.353521 7.81615 6.10335
122 13.2875 0.353659 7.81615 6.10335
123 13.285 0.354203 7.81615 6.10335
124 13.275 0.35371 7.81615 6.10335
125 13.28 0.353382 7.81615 6.10335
126 13.28 0.352639 7.81615 6.10335
127 13.2625 0.350905 7.81615 6.10335
128 13.2625 0.350637 7.81615 6.10335
129 13.25 0.350776 7.81615 6.10335
130 13.25 0.349669 7.81615 6.10335
131 13.2575 0.350308 7.81615 6.10335
132 13.255 0.349607 7.81615 6.10335
133 13.235 0.350142 7.81615 6.10335
134 13.2325 0.34944 7.81615 6.10335
135 13.225 0.349694 7.81615 6.10335
136 13.2325 0.349297 7.81615 6.10335
137 13.2325 0.349047 7.81615 6.10335
138 13.2125 0.347104 7.81615 6.10335
139 13.21 0.347746 7.81615 6.10335
140 13.21 0.348536 7.81615 6.10335
141 13.1925 0.348211 7.81615 6.10335
142 13.2125 0.349132 7.81615 6.10335
143 13.205 0.348167 7.81615 6.10335
144 13.2175 0.348282 7.81615 6.10335
145 13.2125 0.348882 7.81615 6.10335
146 13.2075 0.348315 7.81615 6.10335
147 13.21 0.347854 7.81615 6.10335
148 13.2 0.348264 7.81615 6.10335
149 13.195 0.348145 7.81615 6.10335
150 13.205 0.34831 7.81615 6.10335
151 13.215 0.348815 7.81615 6.10335
152 13.2 0.347976 7.81615 6.10335
153 13.2075 0.348333 7.81615 6.10335
154 13.2 0.347509 7.81615 6.10335
155 13.2025 0.348179 7.81615 6.10335
156 13.1975 0.347845 7.81615 6.10335
157 13.1975 0.347953 7.81615 6.10335
158 13.1925 0.348104 7.81615 6.10335
159 13.185 0.346323 7.81615 6.10335
160 13.1775 0.346702 7.81615 6.10335
161 13.1775 0.34589 7.81615 6.10335
162 13.185 0.345817 7.81615 6.10335
163 13.18 0.345607 7.81615 6.10335
164 13.175 0.345613 7.81615 6.10335
165 13.1775 0.346197 7.81615 6.10335
166 13.175 0.346642 7.81615 6.10335
167 13.1825 0.347254 7.81615 6.10335
168 13.175 0.345378 7.81615 6.10335
169 13.1625 0.344714 7.81615 6.10335
170 13.16 0.344798 7.81615 6.10335
171 13.1675 0.344672 7.81615 6.10335
172 13.1675 0.344218 7.81615 6.10335
173 13.1675 0.344527 7.81615 6.10335
174 13.165 0.344303 7.81615 6.10335
175 13.15 0.343757 7.81615 6.10335
176 13.15 0.343338 7.81615 6.10335
177 13.1475 0.343714 7.81615 6.10335
178 13.1475 0.344005 7.81615 6.10335
179 13.145 0.342067 7.81615 6.10335
180 13.15 0.343448 7.81615 6.10335
181 13.1475 0.34335 7.81615 6.10335
182 13.145 0.343635 7.81615 6.10335
183 13.15 0.34372 7.81615 6.10335
184 13.155 0.342403 7.81615 6.10335
185 13.1475 0.342074 7.81615 6.10335
186 13.1375 0.341956 7.81615 6.10335
187 13.145 0.341903 7.81615 6.10335
188 13.14 0.342164 7.81615 6.10335
189 13.1425 0.343082 7.81615 6.10335
190 13.13 0.34157 7.81615 6.10335
191 13.13 0.340929 7.81615 6.10335
192 13.1275 0.340445 7.81615 6.10335
193 13.12 0.342274 7.81615 6.10335
194 13.125 0.342708 7.81615 6.10335
195 13.1175 0.341774 7.81615 6.10335
196 13.125 0.341392 7.81615 6.10335
197 13.115 0.340796 7.81615 6.10335
198 13.125 0.341099 7.81615 6.10335
199 13.11 0.340084 7.81615 6.10335
200 13.13 0.340728 7.81615 6.10335
201 13.1175 0.340216 7.81615 6.10335
202 13.1125 0.340055 7.81615 6.10335
203 13.1075 0.339544 7.81615 6.10335
204 13.0975 0.338906 7.81615 6.10335
205 13.09 0.337868 7.81615 6.10335
206 13.0825 0.336343 7.81615 6.10335
207 13.0775 0.336476 7.81615 6.10335
208 13.0875 0.336191 7.81615 6.10335
209 13.085 0.336815 7.81615 6.10335
210 13.0625 0.335926 7.81615 6.10335
211 13.0575 0.335724 7.81615 6.10335
212 13.07 0.336229 7.81615 6.10335
213 13.075 0.336152 7.81615 6.10335
214 13.075 0.336747 7.81615 6.10335
215 13.0775 0.336829 7.81615 6.10335
216 13.08 0.336614 7.81615 6.10335
217 13.075 0.336413 7.81615 6.10335
218 13.065 0.335692 7.81615 6.10335
219 13.0775 0.336718 7.81615 6.10335
220 13.0625 0.335088 7.81615 6.10335
221 13.0675 0.334862 7.81615 6.10335
222 13.0675 0.334656 7.81615 6.10335
223 13.07 0.334571 7.81615 6.10335
224 13.065 0.335357 7.81615 6.10335
225 13.0675 0.334824 7.81615 6.10335
226 13.07 0.334795 7.81615 6.10335
227 13.0575 0.334194 7.81615 6.10335
228 13.06 0.334258 7.81615 6.10335
229 13.0525 0.333428 7.81615 6.10335
230 13.0525 0.3347 7.81615 6.10335
231 13.0525 0.334252 7.81615 6.10335
232 13.0525 0.333859 7.81615 6.10335
233 13.045 0.333553 7.81615 6.10335
234 13.0475 0.332867 7.81615 6.10335
235 13.0375 0.332382 7.81615 6.10335
236 13.0375 0.331893 7.81615 6.10335
237 13.025 0.331585 7.81615 6.10335
238 13.0275 0.331707 7.81615 6.10335
239 13.0275 0.331857 7.81615 6.10335
240 13.025 0.33149 7.81615 6.10335
241 13.0375 0.332043 7.81615 6.10335
242 13.0225 0.33184 7.81615 6.10335
243 13.025 0.33117 7.81615 6.10335
244 13.0175 0.33169 7.81615 6.10335
245 13.025 0.332093 7.81615 6.10335
246 13.025 0.332037 7.81615 6.10335
247 13.0175 0.331614 7.81615 6.10335
248 13.015 0.331963 7.81615 6.10335
249 13.0175 0.331369 7.81615 6.10335
250 13.0275 0.331933 7.81615 6.10335
251 13.0225 0.332648 7.81615 6.10335
252 13.0225 0.331858 7.81615 6.10335
253 13.02 0.331868 7.81615 6.10335
254 13.02 0.332433 7.81615 6.10335
255 13.0175 0.331124 7.81615 6.10335
256 13.02 0.331548 7.81615 6.10335
257 13.02 0.331623 7.81615 6.10335
258 13.02 0.33168 7.81615 6.10335
259 13.0075 0.331728 7.81615 6.10335
260 13.005 0.331493 7.81615 6.10335
261 13.0175 0.331256 7.81615 6.10335
262 13.0075 0.331954 7.81615 6.10335
263 13.01 0.33153 7.81615 6.10335
264 13.005 0.331606 7.81615 6.10335
265 13.0025 0.330747 7.81615 6.10335
266 13.005 0.329659 7.81615 6.10335
267 12.9925 0.328833 7.81615 6.10335
268 12.995 0.329659 7.81615 6.10335
269 12.9925 0.329592 7.81615 6.10335
270 12.9975 0.329858 7.81615 6.10335
271 12.99 0.329772 7.81615 6.10335
272 12.9925 0.329118 7.81615 6.10335
273 12.9875 0.329952 7.81615 6.10335
274 13 0.329754 7.81615 6.10335
275 12.995 0.330454 7.81615 6.10335
276 12.9975 0.329763 7.81615 6.10335
277 13 0.32983 7.81615 6.10335
278 13 0.329602 7.81615 6.10335
279 12.9925 0.32946 7.81615 6.10335
280 12.9975 0.329915 7.81615 6.10335
281 12.985 0.329487 7.81615 6.10335
282 12.985 0.329089 7.81615 6.10335
283 12.98 0.329069 7.81615 6.10335
284 12.9825 0.328984 7.81615 6.10335
285 12.9875 0.328966 7.81615 6.10335
286 12.9825 0.329136 7.81615 6.10335
287 12.975 0.327965 7.81615 6.10335
288 12.9675 0.327133 7.81615 6.10335
289 12.97 0.327162 7.81615 6.10335
290 12.98 0.327393 7.81615 6.10335
291 12.9775 0.327403 7.81615 6.10335
292 12.975 0.327125 7.81615 6.10335
293 12.9725 0.327134 7.81615 6.10335
294 12.9725 0.327363 7.81615 6.10335
295 12.975 0.327335 7.81615 6.10335
296 12.97 0.327449 7.81615 6.10335
297 12.9675 0.327362 7.81615 6.10335
298 12.9725 0.327573 7.81615 6.10335
299 12.9675 0.327324 7.81615 6.10335
300 12.9675 0.327343 7.81615 6.10335
301 12.9725 0.327573 7.81615 6.10335
302 12.97 0.327735 7.81615 6.10335
303 12.965 0.327008 7.81615 6.10335
304 12.97 0.327888 7.81615 6.10335
305 12.97 0.32764 7.81615 6.10335
306 12.9625 0.326749 7.81615 6.10335
307 12.955 0.326623 7.81615 6.10335
308 12.9625 0.326807 7.81615 6.10335
309 12.96 0.327198 7.81615 6.10335
310 12.955 0.327406 7.81615 6.10335
311 12.955 0.327082 7.81615 6.10335
312 12.9675 0.327248 7.81615 6.10335
313 12.9625 0.327113 7.81615 6.10335
314 12.96 0.327045 7.81615 6.10335
315 12.9625 0.327113 7.81615 6.10335
316 12.965 0.327161 7.81615 6.10335
317 12.9625 0.327189 7.81615 6.10335
318 12.97 0.327143 7.81615 6.10335
319 12.955 0.327235 7.81615 6.10335
320 12.9625 0.327246 7.81615 6.10335
321 12.9675 0.328449 7.81615 6.10335
322 12.96 0.327427 7.81615 6.10335
323 12.9625 0.327094 7.81615 6.10335
324 12.965 0.327314 7.81615 6.10335
325 12.9575 0.327054 7.81615 6.10335
326 12.9625 0.327094 7.81615 6.10335
327 12.9575 0.327207 7.81615 6.10335
328 12.955 0.326699 7.81615 6.10335
329 12.9575 0.326997 7.81615 6.10335
330 12.96 0.328152 7.81615 6.10335
331 12.96 0.327198 7.81615 6.10335
332 12.9525 0.326612 7.81615 6.10335
333 12.9475 0.326802 7.81615 6.10335
334 12.965 0.327486 7.81615 6.10335
335 12.9525 0.326746 7.81615 6.10335
336 12.9575 0.326863 7.81615 6.10335
337 12.9525 0.326746 7.81615 6.10335
338 12.95 0.326774 7.81615 6.10335
339 12.9525 0.326746 7.81615 6.10335
340 12.955 0.326585 7.81615 6.10335
341 12.9475 0.326457 7.81615 6.10335
342 12.96 0.32695 7.81615 6.10335
343 12.9575 0.326786 7.81615 6.10335
344 12.9525 0.32667 7.81615 6.10335
345 12.9475 0.326151 7.81615 6.10335
346 12.9475 0.325671 7.81615 6.10335
347 12.9375 0.325629 7.81615 6.10335
348 12.955 0.325722 7.81615 6.10335
349 12.95 0.325644 7.81615 6.10335
350 12.945 0.325411 7.81615 6.10335
351 12.95 0.325432 7.81615 6.10335
352 12.95 0.325663 7.81615 6.10335
353 12.9525 0.325558 7.81615 6.10335
354 12.9525 0.32552 7.81615 6.10335
355 12.9475 0.325748 7.81615 6.10335
356 12.945 0.324796 7.81615 6.10335
357 12.95 0.325279 7.81615 6.10335
358 12.9425 0.324285 7.81615 6.10335
359 12.9425 0.324246 7.81615 6.10335
360 12.9325 0.324222 7.81615 6.10335
361 12.9275 0.324855 7.81615 6.10335
362 12.935 0.324098 7.81615 6.10335
363 12.935 0.324098 7.81615 6.10335
364 12.9375 0.324706 7.81615 6.10335
365 12.945 0.324988 7.81615 6.10335
366 12.9325 0.324299 7.81615 6.10335
367 12.9325 0.324048 7.81615 6.10335
368 12.9375 0.324475 7.81615 6.10335
369 12.935 0.323963 7.81615 6.10335
370 12.93 0.323922 7.81615 6.10335
371 12.9325 0.324048 7.81615 6.10335
372 12.93 0.322878 7.81615 6.10335
373 12.9325 0.324299 7.81615 6.10335
374 12.935 0.324291 7.81615 6.10335
375 12.9225 0.324178 7.81615 6.10335
376 12.9325 0.324106 7.81615 6.10335
377 12.9325 0.325031 7.81615 6.10335
378 12.9275 0.32445 7.81615 6.10335
379 12.9275 0.323988 7.81615 6.10335
380 12.935 0.324001 7.81615 6.10335
381 12.93 0.324269 7.81615 6.10335
382 12.9225 0.323058 7.81615 6.10335
383 12.925 0.322953 7.81615 6.10335
384 12.9325 0.322754 7.81615 6.10335
385 12.9225 0.32236 7.81615 6.10335
386 12.915 0.322191 7.81615 6.10335
387 12.925 0.32241 7.81615 6.10335
388 12.9225 0.322457 7.81615 6.10335
389 12.9175 0.323016 7.81615 6.10335
390 12.9175 0.322241 7.81615 6.10335
391 12.925 0.322682 7.81615 6.10335
392 12.93 0.322568 7.81615 6.10335
393 12.925 0.322449 7.81615 6.10335
394 12.93 0.322704 7.81615 6.10335
395 12.9275 0.322189 7.81615 6.10335
396 12.9275 0.322654 7.81615 6.10335
397 12.93 0.322704 7.81615 6.10335
398 12.93 0.322646 7.81615 6.10335
399 12.9275 0.322983 7.81615 6.10335
400 12.925 0.322372 7.81615 6.10335
401 12.925 0.322527 7.81615 6.10335
402 12.9225 0.322942 7.81615 6.10335
403 12.925 0.322469 7.81615 6.10335
404 12.925 0.32243 7.81615 6.10335
405 12.9175 0.322551 7.81615 6.10335
406 12.925 0.322449 7.81615 6.10335
407 12.915 0.322443 7.81615 6.10335
408 12.9225 0.322457 7.81615 6.10335
409 12.92 0.322407 7.81615 6.10335
410 12.92 0.322407 7.81615 6.10335
411 12.92 0.32233 7.81615 6.10335
412 12.92 0.322562 7.81615 6.10335
413 12.9225 0.322457 7.81615 6.10335
414 12.9175 0.322571 7.81615 6.10335
415 12.92 0.322543 7.81615 6.10335
416 12.9225 0.322535 7.81615 6.10335
417 12.92 0.322175 7.81615 6.10335
418 12.9275 0.322441 7.81615 6.10335
419 12.915 0.322443 7.81615 6.10335
420 12.9225 0.323038 7.81615 6.10335
421 12.92 0.322543 7.81615 6.10335
422 12.92 0.322543 7.81615 6.10335
423 12.915 0.322559 7.81615 6.10335
424 12.915 0.322559 7.81615 6.10335
425 12.9125 0.322412 7.81615 6.10335
426 12.915 0.322559 7.81615 6.10335
427 12.9125 0.32249 7.81615 6.10335
428 12.9125 0.322335 7.81615 6.10335
429 12.9125 0.322257 7.81615 6.10335
430 12.91 0.321974 7.81615 6.10335
431 12.92 0.321786 7.81615 6.10335
432 12.915 0.322249 7.81615 6.10335
433 12.925 0.323069 7.81615 6.10335
434 12.9125 0.322412 7.81615 6.10335
435 12.915 0.322404 7.81615 6.10335
436 12.915 0.322385 7.81615 6.10335
437 12.9125 0.322276 7.81615 6.10335
438 12.915 0.322385 7.81615 6.10335
439 12.91 0.322284 7.81615 6.10335
440 12.9075 0.322874 7.81615 6.10335
441 12.9175 0.322532 7.81615 6.10335
442 12.92 0.323549 7.81615 6.10335
443 12.915 0.322811 7.81615 6.10335
444 12.9125 0.322548 7.81615 6.10335
445 12.915 0.322598 7.81615 6.10335
446 12.9125 0.322528 7.81615 6.10335
447 12.905 0.322591 7.81615 6.10335
448 12.91 0.322536 7.81615 6.10335
449 12.91 0.322536 7.81615 6.10335
450 12.9125 0.322916 7.81615 6.10335
451 12.915 0.322985 7.81615 6.10335
452 12.91 0.322536 7.81615 6.10335
453 12.91 0.322168 7.81615 6.10335
454 12.91 0.322323 7.81615 6.10335
455 12.9025 0.322618 7.81615 6.10335
456 12.9125 0.322528 7.81615 6.10335
457 12.9075 0.322564 7.81615 6.10335
458 12.9125 0.322606 7.81615 6.10335
459 12.905 0.322281 7.81615 6.10335
460 12.9125 0.322606 7.81615 6.10335
461 12.905 0.322358 7.81615 6.10335
462 12.905 0.322203 7.81615 6.10335
463 12.915 0.322307 7.81615 6.10335
464 12.915 0.322985 7.81615 6.10335
465 12.9125 0.323071 7.81615 6.10335
466 12.9075 0.322409 7.81615 6.10335
467 12.9125 0.322683 7.81615 6.10335
468 12.9125 0.322528 7.81615 6.10335
469 12.91 0.322536 7.81615 6.10335
470 12.9175 0.3229 7.81615 6.10335
471 12.9125 0.322528 7.81615 6.10335
472 12.9125 0.322451 7.81615 6.10335
473 12.915 0.322675 7.81615 6.10335
474 12.9125 0.32309 7.81615 6.10335
475 12.91 0.322536 7.81615 6.10335
476 12.9125 0.322528 7.81615 6.10335
477 12.905 0.322668 7.81615 6.10335
478 12.9075 0.322409 7.81615 6.10335
479 12.905 0.322378 7.81615 6.10335
480 12.92 0.321709 7.81615 6.10335
481 12.905 0.321368 7.81615 6.10335
482 12.91 0.321527 7.81615 6.10335
483 12.9 0.321442 7.81615 6.10335
484 12.9025 0.321512 7.81615 6.10335
485 12.9025 0.321434 7.81615 6.10335
486 12.8925 0.321679 7.81615 6.10335
487 12.9 0.321384 7.81615 6.10335
488 12.8975 0.321508 7.81615 6.10335
489 12.8975 0.320944 7.81615 6.10335
490 12.9025 0.322075 7.81615 6.10335
491 12.9025 0.321434 7.81615 6.10335
492 12.9 0.321539 7.81615 6.10335
493 12.8925 0.320648 7.81615 6.10335
494 12.8925 0.321426 7.81615 6.10335
495 12.8975 0.32143 7.81615 6.10335
496 12.8875 0.32113 7.81615 6.10335
497 12.8925 0.321407 7.81615 6.10335
498 12.89 0.321512 7.81615 6.10335
499 12.895 0.32136 7.81615 6.10335
500 12.895 0.321458 7.81615 6.10335
501 12.895 0.320913 7.81615 6.10335
502 12.8925 0.321465 7.81615 6.10335
503 12.8975 0.32145 7.81615 6.10335
504 12.89 0.321414 7.81615 6.10335
505 12.8975 0.321897 7.81615 6.10335
506 12.895 0.32138 7.81615 6.10335
507 12.89 0.321492 7.81615 6.10335
508 12.895 0.32136 7.81615 6.10335
509 12.895 0.321224 7.81615 6.10335
510 12.89 0.321337 7.81615 6.10335
511 12.89 0.320792 7.81615 6.10335
512 12.8975 0.321275 7.81615 6.10335
513 12.9 0.321656 7.81615 6.10335
514 12.8975 0.321275 7.81615 6.10335
515 12.89 0.320324 7.81615 6.10335
516 12.8925 0.321387 7.81615 6.10335
517 12.8925 0.320803 7.81615 6.10335
518 12.8925 0.320414 7.81615 6.10335
519 12.895 0.320562 7.81615 6.10335
520 12.89 0.320265 7.81615 6.10335
521 12.8925 0.32057 7.81615 6.10335
522 12.89 0.320675 7.81615 6.10335
523 12.885 0.320241 7.81615 6.10335
524 12.8875 0.320253 7.81615 6.10335
525 12.8875 0.320253 7.81615 6.10335
526 12.8775 0.319638 7.81615 6.10335
527 12.8875 0.320429 7.81615 6.10335
528 12.8825 0.320366 7.81615 6.10335
529 12.88 0.320393 7.81615 6.10335
530 12.8825 0.320249 7.81615 6.10335
531 12.885 0.320261 7.81615 6.10335
532 12.885 0.320261 7.81615 6.10335
533 12.885 0.320261 7.81615 6.10335
534 12.885 0.320261 7.81615 6.10335
535 12.8925 0.320881 7.81615 6.10335
536 12.8825 0.320132 7.81615 6.10335
537 12.8875 0.320409 7.81615 6.10335
538 12.8825 0.320288 7.81615 6.10335
539 12.89 0.321337 7.81615 6.10335
540 12.8875 0.320038 7.81615 6.10335
541 12.885 0.320261 7.81615 6.10335
542 12.8825 0.32021 7.81615 6.10335
543 12.8825 0.320093 7.81615 6.10335
544 12.8825 0.320093 7.81615 6.10335
545 12.88 0.319572 7.81615 6.10335
546 12.88 0.320041 7.81615 6.10335
547 12.885 0.320709 7.81615 6.10335
548 12.875 0.319998 7.81615 6.10335
549 12.88 0.320432 7.81615 6.10335
550 12.88 0.319983 7.81615 6.10335
551 12.88 0.320588 7.81615 6.10335
552 12.8825 0.319565 7.81615 6.10335
553 12.8875 0.32078 7.81615 6.10335
554 12.8775 0.319756 7.81615 6.10335
555 12.8775 0.320303 7.81615 6.10335
556 12.8875 0.32078 7.81615 6.10335
557 12.88 0.320178 7.81615 6.10335
558 12.88 0.320178 7.81615 6.10335
559 12.8775 0.320049 7.81615 6.10335
560 12.88 0.320178 7.81615 6.10335
561 12.88 0.320529 7.81615 6.10335
562 12.8875 0.32039 7.81615 6.10335
563 12.8775 0.320244 7.81615 6.10335
564 12.87 0.319836 7.81615 6.10335
565 12.8825 0.320073 7.81615 6.10335
566 12.88 0.320393 7.81615 6.10335
567 12.875 0.320329 7.81615 6.10335
568 12.875 0.320329 7.81615 6.10335
569 12.88 0.320763 7.81615 6.10335
570 12.875 0.320232 7.81615 6.10335
571 12.8675 0.320351 7.81615 6.10335
572 12.875 0.320388 7.81615 6.10335
573 12.865 0.320144 7.81615 6.10335
574 12.87 0.320656 7.81615 6.10335
575 12.875 0.320934 7.81615 6.10335
576 12.87 0.320324 7.81615 6.10335
577 12.87 0.3205 7.81615 6.10335
578 12.87 0.320344 7.81615 6.10335
579 12.865 0.320378 7.81615 6.10335
580 12.8625 0.320346 7.81615 6.10335
581 12.87 0.320773 7.81615 6.10335
582 12.86 0.319982 7.81615 6.10335
583 12.8675 0.320176 7.81615 6.10335
584 12.87 0.320383 7.81615 6.10335
585 12.8625 0.31974 7.81615 6.10335
586 12.8625 0.319721 7.81615 6.10335
587 12.8625 0.320697 7.81615 6.10335
588 12.8525 0.320101 7.81615 6.10335
589 12.8525 0.320822 7.81615 6.10335
590 12.8525 0.320335 7.81615 6.10335
591 12.85 0.320205 7.81615 6.10335
592 12.855 0.320464 7.81615 6.10335
593 12.8575 0.320457 7.81615 6.10335
594 12.855 0.319703 7.81615 6.10335
595 12.86 0.320606 7.81615 6.10335
596 12.8525 0.320432 7.81615 6.10335
597 12.8525 0.320335 7.81615 6.10335
598 12.8525 0.320022 7.81615 6.10335
599 12.86 0.321463 7.81615 6.10335


0 442.444 1.33161 103.669
1 361.681 1.22799 86.3662
2 308.399 1.19659 82.35
3 270.364 1.16959 80.0212
4 242.203 1.12221 76.6575
5 220.833 1.11172 75.06
6 204.086 1.09624 73.3725
7 190.775 1.09355 72.3263
8 179.73 1.08311 71.4825
9 170.585 1.08224 70.8637
10 162.832 1.07678 69.9975
11 156.081 1.0755 69.48
12 150.326 1.0706 68.8162
13 145.153 1.0712 68.5913
14 140.745 1.0709 67.9387
15 136.732 1.07118 67.6912
16 133.097 1.06903 67.275
17 129.883 1.06724 66.8588
18 126.94 1.06311 66.6562
19 124.288 1.06281 66.2175
20 121.851 1.06198 65.7112
21 119.623 1.06323 65.5087
22 117.504 1.0626 65.3625
23 115.61 1.06304 64.9575
24 113.83 1.06381 64.7662
25 112.199 1.06389 64.6988
26 110.644 1.06472 64.485
27 109.215 1.06553 64.3837
28 107.89 1.06585 64.3388
29 106.653 1.06612 64.1925
30 105.473 1.06642 64.0575
31 104.333 1.06714 63.9
32 103.291 1.06813 63.7987
33 102.301 1.0682 63.6187
34 101.322 1.06822 63.5063
35 100.429 1.06913 63.405
36 99.5549 1.07075 63.3488
37 98.7158 1.07111 63.2362
38 97.931 1.0707 63.0675
39 97.2093 1.0697 63.1575
40 96.4818 1.06897 62.9213
41 95.7706 1.06927 62.82
42 95.1131 1.06932 62.685
43 94.4587 1.0698 62.6288
44 93.8595 1.07026 62.3475
45 93.2811 1.06986 62.3588
46 92.7169 1.0706 62.2688
47 92.1797 1.07092 62.1675
48 91.6419 1.07107 62.1675
49 91.1191 1.06992 61.9875
50 90.6224 1.06976 61.8975
51 90.1489 1.0701 61.9425
52 89.6824 1.07066 61.8862
53 89.2411 1.07009 61.7512
54 88.8149 1.07056 61.7287
55 88.3913 1.07058 61.7175
56 87.9875 1.07011 61.6163
57 87.5889 1.07077 61.695
58 87.2146 1.07105 61.515
59 86.8433 1.07071 61.47
60 86.4745 1.06986 61.3912
61 86.1217 1.06976 61.335
62 85.7692 1.07016 61.335
63 85.4286 1.07021 61.3013
64 85.1021 1.07102 61.2338
65 84.776 1.07118 61.2338
66 84.4644 1.07169 61.11
67 84.1611 1.07155 61.1212
68 83.8679 1.0721 61.11
69 83.5826 1.07207 61.065
70 83.2913 1.07234 61.02
71 83.0146 1.07234 61.0763
72 82.7505 1.07277 60.9862
73 82.4889 1.07274 60.8963
74 82.2255 1.07295 60.9413
75 81.9658 1.07267 60.8625
76 81.7247 1.07261 60.8287
77 81.4828 1.07244 60.75
78 81.2409 1.07288 60.8175
79 81.0092 1.07309 60.6487
80 80.7765 1.07329 60.5925
81 80.5483 1.07315 60.57
82 80.3294 1.0738 60.525
83 80.1094 1.07411 60.5138
84 79.8994 1.07421 60.4688
85 79.6928 1.07421 60.435
86 79.4813 1.07419 60.4125
87 79.2819 1.07385 60.5025
88 79.084 1.07339 60.4462
89 78.8859 1.07374 60.4688
90 78.696 1.07402 60.4688
91 78.5086 1.07427 60.5138
92 78.3303 1.07403 60.4575
93 78.1552 1.07391 60.3562
94 77.9772 1.07376 60.39
95 77.8029 1.07376 60.3
96 77.6331 1.07378 60.2662
97 77.4607 1.07359 60.2325
98 77.2958 1.07343 60.1425
99 77.124 1.07398 60.1538
100 76.9554 1.07362 60.1425
101 76.7932 1.0736 60.12
102 76.632 1.07357 60.0412
103 76.4707 1.07362 60.03
104 76.3168 1.0735 60.075
105 76.1663 1.07344 60.03
106 76.0135 1.07359 59.9962
107 75.8674 1.07371 59.9962
108 75.7243 1.07388 59.9625
109 75.5794 1.07408 59.895
110 75.4331 1.07396 59.8275
111 75.2973 1.07397 59.895
112 75.1586 1.07377 59.8837
113 75.0238 1.07398 59.7825
114 74.8912 1.07411 59.7488
115 74.7637 1.07439 59.805
116 74.6316 1.07427 59.7825
117 74.5051 1.07427 59.7713
118 74.3756 1.07441 59.7375
119 74.2504 1.07444 59.8163
120 74.1287 1.07441 59.7488
121 74.0086 1.07438 59.7037
122 73.8896 1.07434 59.7937
123 73.7708 1.07446 59.7825
124 73.6566 1.07472 59.7375
125 73.5388 1.07446 59.76
126 73.4222 1.07446 59.76
127 73.3042 1.0744 59.6812
128 73.1867 1.07447 59.6812
129 73.0793 1.07446 59.625
130 72.9689 1.07458 59.625
131 72.8637 1.07448 59.6587
132 72.7561 1.07455 59.6475
133 72.6463 1.07448 59.5575
134 72.5408 1.07468 59.5463
135 72.4392 1.07474 59.5125
136 72.3299 1.0745 59.5463
137 72.2316 1.07469 59.5463
138 72.1295 1.07477 59.4563
139 72.0276 1.07476 59.445
140 71.9282 1.07455 59.445
141 71.8334 1.07456 59.3663
142 71.7353 1.07466 59.4563
143 71.6424 1.07466 59.4225
144 71.5503 1.07454 59.4787
145 71.4578 1.07457 59.4563
146 71.3621 1.07482 59.4337
147 71.2723 1.07486 59.445
148 71.1808 1.07485 59.4
149 71.0861 1.07497 59.3775
150 70.9937 1.07501 59.4225
151 70.9034 1.07514 59.4675
152 70.8144 1.07502 59.4
153 70.726 1.07496 59.4337
154 70.6357 1.07498 59.4
155 70.5526 1.07503 59.4113
156 70.4691 1.07507 59.3888
157 70.3836 1.07521 59.3888
158 70.3012 1.0751 59.3663
159 70.2199 1.07503 59.3325
160 70.137 1.07512 59.2987
161 70.0523 1.07484 59.2987
162 69.9727 1.07482 59.3325
163 69.8924 1.07479 59.31
164 69.8135 1.07487 59.2875
165 69.734 1.07478 59.2987
166 69.6561 1.0748 59.2875
167 69.581 1.07489 59.3212
168 69.5049 1.07483 59.2875
169 69.4321 1.07488 59.2312
170 69.3615 1.07483 59.22
171 69.2845 1.0747 59.2538
172 69.2106 1.07477 59.2538
173 69.1372 1.07445 59.2538
174 69.0612 1.07452 59.2425
175 68.9892 1.07453 59.175
176 68.9148 1.07451 59.175
177 68.8451 1.07442 59.1638
178 68.7759 1.07435 59.1638
179 68.7048 1.07455 59.1525
180 68.6351 1.07464 59.175
181 68.5667 1.07457 59.1638
182 68.4969 1.0745 59.1525
183 68.428 1.07458 59.175
184 68.3601 1.0747 59.1975
185 68.2964 1.07462 59.1638
186 68.2307 1.07455 59.1187
187 68.1659 1.07465 59.1525
188 68.1005 1.07465 59.13
189 68.0368 1.07461 59.1412
190 67.9716 1.07448 59.085
191 67.9081 1.07429 59.085
192 67.8434 1.07433 59.0737
193 67.7817 1.07442 59.04
194 67.7158 1.07445 59.0625
195 67.6549 1.07442 59.0288
196 67.5921 1.07441 59.0625
197 67.5313 1.0744 59.0175
198 67.4684 1.07441 59.0625
199 67.4084 1.07447 58.995
200 67.3485 1.07451 59.085
201 67.288 1.07434 59.0288
202 67.2314 1.07441 59.0063
203 67.1676 1.07449 58.9838
204 67.1083 1.07466 58.9387
205 67.0536 1.07473 58.905
206 66.9993 1.07468 58.8712
207 66.9403 1.07465 58.8488
208 66.8852 1.07464 58.8938
209 66.8287 1.0747 58.8825
210 66.7693 1.07467 58.7812
211 66.7131 1.07474 58.7587
212 66.6559 1.07465 58.815
213 66.6 1.07471 58.8375
214 66.5456 1.07456 58.8375
215 66.4913 1.07457 58.8488
216 66.436 1.07442 58.86
217 66.383 1.07435 58.8375
218 66.3286 1.07435 58.7925
219 66.2777 1.07436 58.8488
220 66.2254 1.07432 58.7812
221 66.1708 1.07446 58.8038
222 66.1174 1.07442 58.8038
223 66.0655 1.07432 58.815
224 66.0139 1.07433 58.7925
225 65.961 1.07417 58.8038
226 65.9069 1.07421 58.815
227 65.8547 1.07424 58.7587
228 65.8038 1.07422 58.77
229 65.753 1.07417 58.7362
230 65.702 1.07425 58.7362
231 65.6527 1.07422 58.7362
232 65.6029 1.07427 58.7362
233 65.5533 1.07416 58.7025
234 65.5049 1.07416 58.7137
235 65.4551 1.07412 58.6687
236 65.4073 1.0742 58.6687
237 65.3593 1.07415 58.6125
238 65.3128 1.07425 58.6238
239 65.2647 1.07421 58.6238
240 65.2183 1.07423 58.6125
241 65.1728 1.07422 58.6687
242 65.1251 1.07421 58.6013
243 65.0786 1.07423 58.6125
244 65.0331 1.07411 58.5787
245 64.9893 1.07402 58.6125
246 64.9423 1.07395 58.6125
247 64.8968 1.07409 58.5787
248 64.8523 1.07411 58.5675
249 64.8069 1.07402 58.5787
250 64.7605 1.07402 58.6238
251 64.7154 1.07412 58.6013
252 64.6708 1.07413 58.6013
253 64.6269 1.07415 58.59
254 64.5826 1.07406 58.59
255 64.5384 1.07401 58.5787
256 64.4968 1.07408 58.59
257 64.4538 1.074 58.59
258 64.4121 1.07392 58.59
259 64.3694 1.07384 58.5337
260 64.3254 1.07385 58.5225
261 64.2831 1.0739 58.5787
262 64.241 1.074 58.5337
263 64.1992 1.07396 58.545
264 64.1565 1.07393 58.5225
265 64.1129 1.074 58.5112
266 64.0723 1.07406 58.5225
267 64.0326 1.07398 58.4663
268 63.992 1.07398 58.4775
269 63.9504 1.07406 58.4663
270 63.9101 1.074 58.4888
271 63.8709 1.07396 58.455
272 63.8298 1.07399 58.4663
273 63.7898 1.07402 58.4438
274 63.7497 1.07409 58.5
275 63.7118 1.07413 58.4775
276 63.6742 1.07414 58.4888
277 63.6365 1.0742 58.5
278 63.596 1.07418 58.5
279 63.5562 1.07416 58.4663
280 63.5191 1.07419 58.4888
281 63.4816 1.07407 58.4325
282 63.4433 1.07406 58.4325
283 63.4068 1.07404 58.41
284 63.3701 1.07404 58.4213
285 63.3316 1.07409 58.4438
286 63.2936 1.07421 58.4213
287 63.2565 1.07415 58.3875
288 63.2189 1.07414 58.3537
289 63.1804 1.07416 58.365
290 63.144 1.07413 58.41
291 63.1067 1.07405 58.3987
292 63.0708 1.07405 58.3875
293 63.0351 1.07406 58.3762
294 62.9979 1.07399 58.3762
295 62.9603 1.07399 58.3875
296 62.9237 1.07397 58.365
297 62.8887 1.07396 58.3537
298 62.8523 1.07389 58.3762
299 62.8196 1.07389 58.3537
300 62.7841 1.07384 58.3537
301 62.7509 1.07381 58.3762
302 62.7172 1.07383 58.365
303 62.6832 1.07382 58.3425
304 62.6497 1.07379 58.365
305 62.6159 1.07373 58.365
306 62.5818 1.07374 58.3313
307 62.548 1.07374 58.2975
308 62.5141 1.07375 58.3313
309 62.4793 1.07373 58.32
310 62.4447 1.07376 58.2975
311 62.4114 1.07372 58.2975
312 62.3786 1.07373 58.3537
313 62.3447 1.07369 58.3313
314 62.3106 1.07364 58.32
315 62.2782 1.0737 58.3313
316 62.2448 1.07373 58.3425
317 62.211 1.07367 58.3313
318 62.1781 1.07363 58.365
319 62.1472 1.07362 58.2975
320 62.1147 1.07364 58.3313
321 62.0835 1.07361 58.3537
322 62.0544 1.07358 58.32
323 62.0213 1.07354 58.3313
324 61.9878 1.07355 58.3425
325 61.9565 1.07352 58.3087
326 61.9244 1.07356 58.3313
327 61.8935 1.07365 58.3087
328 61.8624 1.07362 58.2975
329 61.8299 1.07356 58.3087
330 61.7975 1.07347 58.32
331 61.7672 1.07347 58.32
332 61.7367 1.07344 58.2863
333 61.706 1.07338 58.2638
334 61.6768 1.07335 58.3425
335 61.6458 1.07337 58.2863
336 61.6165 1.07346 58.3087
337 61.5849 1.07343 58.2863
338 61.5544 1.07332 58.275
339 61.5251 1.07338 58.2863
340 61.4927 1.07335 58.2975
341 61.4625 1.07339 58.2638
342 61.431 1.07342 58.32
343 61.4012 1.07338 58.3087
344 61.3716 1.07342 58.2863
345 61.3412 1.07348 58.2638
346 61.3116 1.0735 58.2638
347 61.2811 1.07353 58.2188
348 61.2508 1.0735 58.2975
349 61.2218 1.07351 58.275
350 61.1931 1.07347 58.2525
351 61.1641 1.07351 58.275
352 61.1349 1.07346 58.275
353 61.1075 1.07334 58.2863
354 61.0796 1.07346 58.2863
355 61.05 1.07345 58.2638
356 61.0212 1.07346 58.2525
357 60.9928 1.07347 58.275
358 60.9649 1.07351 58.2413
359 60.9365 1.07346 58.2413
360 60.9082 1.07345 58.1962
361 60.8795 1.07337 58.1737
362 60.8518 1.07339 58.2075
363 60.8237 1.07337 58.2075
364 60.7958 1.07331 58.2188
365 60.7673 1.07328 58.2525
366 60.7396 1.07327 58.1962
367 60.7125 1.07322 58.1962
368 60.687 1.07326 58.2188
369 60.6604 1.07328 58.2075
370 60.6345 1.07329 58.185
371 60.6085 1.07328 58.1962
372 60.5818 1.07328 58.185
373 60.5551 1.07321 58.1962
374 60.5283 1.07324 58.2075
375 60.501 1.07325 58.1512
376 60.4735 1.07324 58.1962
377 60.4477 1.07327 58.1962
378 60.4218 1.07325 58.1737
379 60.3949 1.07326 58.1737
380 60.368 1.07322 58.2075
381 60.3431 1.07325 58.185
382 60.3169 1.07315 58.1512
383 60.2917 1.07318 58.1625
384 60.2662 1.0732 58.1962
385 60.2396 1.07313 58.1512
386 60.215 1.07307 58.1175
387 60.1909 1.07313 58.1625
388 60.1656 1.07317 58.1512
389 60.1411 1.07318 58.1288
390 60.1165 1.07316 58.1288
391 60.0904 1.07316 58.1625
392 60.0652 1.07318 58.185
393 60.0392 1.07322 58.1625
394 60.0148 1.0732 58.185
395 59.9901 1.07322 58.1737
396 59.9641 1.07319 58.1737
397 59.9398 1.07316 58.185
398 59.9141 1.07313 58.185
399 59.8881 1.0731 58.1737
400 59.8635 1.07302 58.1625
401 59.8389 1.07299 58.1625
402 59.8144 1.07304 58.1512
403 59.7904 1.07305 58.1625
404 59.7663 1.07302 58.1625
405 59.7418 1.07302 58.1288
406 59.7172 1.07301 58.1625
407 59.6931 1.07301 58.1175
408 59.669 1.07306 58.1512
409 59.6451 1.07314 58.14
410 59.6209 1.07313 58.14
411 59.5968 1.07305 58.14
412 59.5724 1.07302 58.14
413 59.5479 1.07299 58.1512
414 59.5235 1.07294 58.1288
415 59.4997 1.07287 58.14
416 59.4758 1.07286 58.1512
417 59.4516 1.0728 58.14
418 59.4268 1.07282 58.1737
419 59.404 1.07277 58.1175
420 59.3818 1.07279 58.1512
421 59.3584 1.07271 58.14
422 59.3345 1.07272 58.14
423 59.3113 1.07271 58.1175
424 59.2875 1.0727 58.1175
425 59.2644 1.07272 58.1062
426 59.2417 1.07272 58.1175
427 59.2179 1.07265 58.1062
428 59.1955 1.07263 58.1062
429 59.1734 1.07261 58.1062
430 59.151 1.07256 58.095
431 59.1291 1.07258 58.14
432 59.1067 1.07261 58.1175
433 59.0849 1.07261 58.1625
434 59.0619 1.07254 58.1062
435 59.0398 1.07253 58.1175
436 59.0182 1.07252 58.1175
437 58.9952 1.07246 58.1062
438 58.9734 1.07247 58.1175
439 58.9515 1.0725 58.095
440 58.9293 1.07242 58.0838
441 58.9066 1.07242 58.1288
442 58.8845 1.07241 58.14
443 58.8612 1.07241 58.1175
444 58.8392 1.07235 58.1062
445 58.8178 1.0723 58.1175
446 58.7965 1.07226 58.1062
447 58.7745 1.07229 58.0725
448 58.7531 1.07231 58.095
449 58.7316 1.07238 58.095
450 58.7116 1.07238 58.1062
451 58.6908 1.07234 58.1175
452 58.6696 1.0723 58.095
453 58.6489 1.07229 58.095
454 58.6279 1.07232 58.095
455 58.6073 1.07232 58.0613
456 58.5867 1.0723 58.1062
457 58.5654 1.07227 58.0838
458 58.5433 1.07227 58.1062
459 58.5219 1.07219 58.0725
460 58.5014 1.07213 58.1062
461 58.4818 1.07202 58.0725
462 58.4621 1.07193 58.0725
463 58.4423 1.07195 58.1175
464 58.4225 1.07195 58.1175
465 58.4026 1.07197 58.1062
466 58.3821 1.07198 58.0838
467 58.3632 1.07196 58.1062
468 58.3439 1.07197 58.1062
469 58.3245 1.07199 58.095
470 58.3034 1.07199 58.1288
471 58.2846 1.07191 58.1062
472 58.2642 1.07193 58.1062
473 58.2436 1.07197 58.1175
474 58.2245 1.07195 58.1062
475 58.2036 1.07192 58.095
476 58.1834 1.07195 58.1062
477 58.1635 1.07196 58.0725
478 58.142 1.07199 58.0838
479 58.1213 1.07198 58.0725
480 58.1024 1.07195 58.14
481 58.0821 1.07182 58.0725
482 58.0632 1.07179 58.095
483 58.044 1.07178 58.05
484 58.0256 1.07172 58.0613
485 58.0065 1.07168 58.0613
486 57.9877 1.07164 58.0162
487 57.9689 1.07157 58.05
488 57.9503 1.07156 58.0388
489 57.9314 1.07151 58.0388
490 57.9128 1.0715 58.0613
491 57.8938 1.07151 58.0613
492 57.8762 1.07157 58.05
493 57.8566 1.07161 58.0162
494 57.8382 1.07165 58.0162
495 57.8189 1.0716 58.0388
496 57.8009 1.07157 57.9937
497 57.7822 1.07153 58.0162
498 57.7628 1.07147 58.005
499 57.7443 1.07148 58.0275
500 57.7265 1.07143 58.0275
501 57.7085 1.0714 58.0275
502 57.6893 1.07139 58.0162
503 57.6708 1.07141 58.0388
504 57.653 1.07132 58.005
505 57.6355 1.07133 58.0388
506 57.6171 1.07132 58.0275
507 57.5992 1.07126 58.005
508 57.5808 1.07119 58.0275
509 57.5616 1.07119 58.0275
510 57.544 1.07112 58.005
511 57.5274 1.07111 58.005
512 57.5087 1.07112 58.0388
513 57.4902 1.07109 58.05
514 57.4726 1.07107 58.0388
515 57.4546 1.07107 58.005
516 57.4364 1.07103 58.0162
517 57.4169 1.07106 58.0162
518 57.3988 1.07101 58.0162
519 57.3818 1.07102 58.0275
520 57.3641 1.07093 58.005
521 57.3457 1.0709 58.0162
522 57.3279 1.07088 58.005
523 57.3105 1.07085 57.9825
524 57.2937 1.07084 57.9937
525 57.2767 1.07078 57.9937
526 57.2583 1.07077 57.9487
527 57.2399 1.07078 57.9937
528 57.2219 1.07075 57.9712
529 57.2048 1.07073 57.96
530 57.1868 1.07073 57.9712
531 57.1709 1.07071 57.9825
532 57.1537 1.07069 57.9825
533 57.1364 1.07068 57.9825
534 57.1189 1.07067 57.9825
535 57.101 1.07068 58.0162
536 57.0845 1.07065 57.9712
537 57.067 1.07058 57.9937
538 57.0502 1.07056 57.9712
539 57.0338 1.07054 58.005
540 57.0166 1.07053 57.9937
541 56.9987 1.07053 57.9825
542 56.9822 1.0705 57.9712
543 56.9648 1.07054 57.9712
544 56.9468 1.07056 57.9712
545 56.9301 1.0705 57.96
546 56.9136 1.07043 57.96
547 56.8963 1.07042 57.9825
548 56.8796 1.07045 57.9375
549 56.8626 1.07042 57.96
550 56.8466 1.07036 57.96
551 56.8297 1.07035 57.96
552 56.8137 1.07036 57.9712
553 56.7974 1.07035 57.9937
554 56.7812 1.07037 57.9487
555 56.7657 1.07032 57.9487
556 56.7498 1.07031 57.9937
557 56.733 1.07031 57.96
558 56.7161 1.07033 57.96
559 56.6999 1.07033 57.9487
560 56.6842 1.07034 57.96
561 56.6692 1.07033 57.96
562 56.6533 1.0703 57.9937
563 56.6379 1.07027 57.9487
564 56.6213 1.07026 57.915
565 56.6051 1.07022 57.9712
566 56.5894 1.0702 57.96
567 56.5732 1.0702 57.9375
568 56.5571 1.07022 57.9375
569 56.541 1.07021 57.96
570 56.5257 1.07016 57.9375
571 56.5101 1.07017 57.9038
572 56.4948 1.07018 57.9375
573 56.4796 1.07009 57.8925
574 56.4633 1.07009 57.915
575 56.4481 1.07006 57.9375
576 56.4316 1.07002 57.915
577 56.4164 1.06997 57.915
578 56.4002 1.06992 57.915
579 56.3846 1.06995 57.8925
580 56.3689 1.06993 57.8813
581 56.3539 1.06991 57.915
582 56.3384 1.06989 57.87
583 56.3231 1.06988 57.9038
584 56.3088 1.06985 57.915
585 56.2929 1.06977 57.8813
586 56.2775 1.06972 57.8813
587 56.2616 1.06968 57.8813
588 56.2463 1.06962 57.8362
589 56.231 1.06961 57.8362
590 56.2152 1.06962 57.8362
591 56.2003 1.06962 57.825
592 56.1848 1.06958 57.8475
593 56.169 1.06961 57.8588
594 56.1545 1.06956 57.8475
595 56.1395 1.0696 57.87
596 56.1244 1.06955 57.8362
597 56.1095 1.06956 57.8362
598 56.0949 1.06956 57.8362
599 56.0799 1.06954 57.87


0 19.2054 1.05296 4.5
1 18.8449 0.609155 4.5
2 16.8524 0.541915 4.5
3 15.2039 0.478486 4.5
4 14.218 0.444321 4.5
5 13.2394 0.411933 4.5
6 12.5168 0.38806 4.5
7 11.8697 0.362316 4.5
8 11.3144 0.347861 4.5
9 10.8325 0.33017 4.5
10 10.4681 0.317593 4.5
11 10.1089 0.309989 4.5
12 9.83003 0.301897 4.5
13 9.52294 0.291537 4.5
14 9.32238 0.288033 4.5
15 9.08969 0.280139 4.5
16 8.90282 0.273374 4.5
17 8.74191 0.268334 4.5
18 8.5698 0.261716 4.5
19 8.44633 0.257263 4.5
20 8.34456 0.251823 4.5
21 8.21725 0.248027 4.5
22 8.08974 0.2436 4.5
23 8.00897 0.240845 4.5
24 7.90897 0.238757 4.5
25 7.80378 0.236092 4.5
26 7.72112 0.232426 4.5
27 7.6334 0.230802 4.5
28 7.54605 0.229207 4.5
29 7.47652 0.226818 4.5
30 7.40938 0.224159 4.5
31 7.34736 0.222285 4.5
32 7.28556 0.219476 4.5
33 7.23611 0.218118 4.5
34 7.1796 0.214886 4.5
35 7.12765 0.214571 4.5
36 7.07192 0.213828 4.5
37 7.02479 0.212469 4.5
38 6.98759 0.210065 4.5
39 6.9262 0.2074 4.5
40 6.90018 0.207451 4.5
41 6.86036 0.206489 4.5
42 6.82793 0.205795 4.5
43 6.78705 0.203652 4.5
44 6.77441 0.203852 4.5
45 6.73145 0.203312 4.5
46 6.70041 0.201844 4.5
47 6.67244 0.200904 4.5
48 6.63351 0.199687 4.5
49 6.61482 0.198697 4.5
50 6.58832 0.19788 4.5
51 6.54914 0.196644 4.5
52 6.52117 0.196411 4.5
53 6.50327 0.195321 4.5
54 6.47457 0.193666 4.5
55 6.44487 0.19425 4.5
56 6.42596 0.194352 4.5
57 6.38869 0.192833 4.5
58 6.38 0.191984 4.5
59 6.35749 0.190868 4.5
60 6.33861 0.189857 4.5
61 6.31854 0.189342 4.5
62 6.29268 0.187963 4.5
63 6.27114 0.187589 4.5
64 6.25406 0.187524 4.5
65 6.23009 0.187315 4.5
66 6.21976 0.186162 4.5
67 6.19629 0.18582 4.5
68 6.17584 0.185237 4.5
69 6.15937 0.185353 4.5
70 6.14243 0.184534 4.5
71 6.11638 0.18369 4.5
72 6.10592 0.18359 4.5
73 6.09562 0.183824 4.5
74 6.07166 0.183196 4.5
75 6.06032 0.182866 4.5
76 6.04584 0.182413 4.5
77 6.03576 0.182253 4.5
78 6.01117 0.182138 4.5
79 6.0107 0.181739 4.5
80 5.999 0.181797 4.5
81 5.98427 0.181363 4.5
82 5.97245 0.181636 4.5
83 5.9572 0.180804 4.5
84 5.946 0.180206 4.5
85 5.93394 0.180269 4.5
86 5.92039 0.179821 4.5
87 5.89676 0.178575 4.5
88 5.88751 0.178929 4.5
89 5.87058 0.178857 4.5
90 5.85645 0.178761 4.5
91 5.83815 0.178106 4.5
92 5.83032 0.177249 4.5
93 5.82704 0.176919 4.5
94 5.81052 0.176179 4.5
95 5.80619 0.176293 4.5
96 5.79676 0.175551 4.5
97 5.78712 0.175715 4.5
98 5.78345 0.175485 4.5
99 5.76952 0.174858 4.5
100 5.75798 0.174376 4.5
101 5.748 0.174558 4.5
102 5.74345 0.173733 4.5
103 5.73243 0.174003 4.5
104 5.71661 0.173885 4.5
105 5.70962 0.172579 4.5
106 5.70137 0.172224 4.5
107 5.69041 0.172076 4.5
108 5.68287 0.171957 4.5
109 5.67839 0.17186 4.5
110 5.6738 0.171661 4.5
111 5.6572 0.171587 4.5
112 5.64784 0.171041 4.5
113 5.64726 0.170995 4.5
114 5.64046 0.170754 4.5
115 5.62556 0.170754 4.5
116 5.61773 0.17024 4.5
117 5.60927 0.170445 4.5
118 5.60268 0.169936 4.5
119 5.58588 0.169616 4.5
120 5.58303 0.169536 4.5
121 5.57819 0.169262 4.5
122 5.56083 0.168651 4.5
123 5.55294 0.168702 4.5
124 5.54852 0.168555 4.5
125 5.53756 0.168106 4.5
126 5.52878 0.16763 4.5
127 5.52718 0.167179 4.5
128 5.51832 0.16688 4.5
129 5.51542 0.16702 4.5
130 5.50709 0.16643 4.5
131 5.49604 0.166309 4.5
132 5.48896 0.165926 4.5
133 5.48895 0.166368 4.5
134 5.48202 0.165993 4.5
135 5.47744 0.166075 4.5
136 5.46608 0.165567 4.5
137 5.45865 0.165314 4.5
138 5.45919 0.164881 4.5
139 5.45251 0.164989 4.5
140 5.44498 0.165093 4.5
141 5.44502 0.165196 4.5
142 5.42935 0.16492 4.5
143 5.4254 0.164578 4.5
144 5.4133 0.164182 4.5
145 5.40835 0.164345 4.5
146 5.40315 0.164096 4.5
147 5.39533 0.163723 4.5
148 5.39248 0.163927 4.5
149 5.38735 0.163835 4.5
150 5.37628 0.163517 4.5
151 5.36538 0.163327 4.5
152 5.36472 0.163197 4.5
153 5.35499 0.163006 4.5
154 5.35119 0.162723 4.5
155 5.34388 0.162762 4.5
156 5.33958 0.16261 4.5
157 5.3331 0.162505 4.5
158 5.32888 0.162519 4.5
159 5.32574 0.161915 4.5
160 5.32248 0.162069 4.5
161 5.31605 0.161629 4.5
162 5.30699 0.161306 4.5
163 5.30291 0.161201 4.5
164 5.29894 0.161178 4.5
165 5.2919 0.161187 4.5
166 5.28699 0.161261 4.5
167 5.27829 0.161186 4.5
168 5.27551 0.160565 4.5
169 5.27499 0.160479 4.5
170 5.27063 0.160438 4.5
171 5.26178 0.160099 4.5
172 5.25617 0.159819 4.5
173 5.2506 0.159788 4.5
174 5.24582 0.159636 4.5
175 5.24633 0.159643 4.5
176 5.24067 0.159372 4.5
177 5.23636 0.159431 4.5
178 5.2311 0.159409 4.5
179 5.22668 0.158687 4.5
180 5.2194 0.158938 4.5
181 5.21519 0.158838 4.5
182 5.21087 0.158865 4.5
183 5.20365 0.158675 4.5
184 5.19651 0.158014 4.5
185 5.19463 0.157948 4.5
186 5.19359 0.158002 4.5
187 5.18569 0.157722 4.5
188 5.18268 0.157803 4.5
189 5.17685 0.157951 4.5
190 5.17682 0.157586 4.5
191 5.17198 0.157255 4.5
192 5.16803 0.157037 4.5
193 5.16629 0.157706 4.5
194 5.1593 0.157637 4.5
195 5.1576 0.157375 4.5
196 5.14988 0.156985 4.5
197 5.14916 0.156889 4.5
198 5.14045 0.156678 4.5
199 5.14175 0.156549 4.5
200 5.12936 0.156253 4.5
201 5.12964 0.156231 4.5
202 5.12728 0.156188 4.5
203 5.12437 0.156016 4.5
204 5.12375 0.155916 4.5
205 5.12251 0.155636 4.5
206 5.12129 0.15519 4.5
207 5.11874 0.155236 4.5
208 5.11062 0.154846 4.5
209 5.10727 0.155011 4.5
210 5.11153 0.155075 4.5
211 5.10918 0.155019 4.5
212 5.09991 0.154833 4.5
213 5.09369 0.154615 4.5
214 5.08953 0.154714 4.5
215 5.08441 0.1546 4.5
216 5.0792 0.154381 4.5
217 5.07709 0.154324 4.5
218 5.07681 0.1542 4.5
219 5.06807 0.154199 4.5
220 5.06989 0.153879 4.5
221 5.06377 0.153619 4.5
222 5.05968 0.153462 4.5
223 5.05474 0.153294 4.5
224 5.05273 0.153566 4.5
225 5.04771 0.153248 4.5
226 5.04261 0.1531 4.5
227 5.04344 0.15307 4.5
228 5.03857 0.152956 4.5
229 5.03758 0.15275 4.5
230 5.03367 0.153083 4.5
231 5.02989 0.152855 4.5
232 5.02608 0.152647 4.5
233 5.02517 0.152611 4.5
234 5.02049 0.152259 4.5
235 5.02052 0.152218 4.5
236 5.01686 0.151984 4.5
237 5.01799 0.152053 4.5
238 5.01346 0.15197 4.5
239 5.00977 0.151938 4.5
240 5.00716 0.151794 4.5
241 4.99887 0.151649 4.5
242 5.00096 0.151803 4.5
243 4.99644 0.151462 4.5
244 4.99582 0.151698 4.5
245 4.98958 0.151604 4.5
246 4.98598 0.151505 4.5
247 4.98535 0.15145 4.5
248 4.98289 0.151539 4.5
249 4.97844 0.15122 4.5
250 4.97106 0.151127 4.5
251 4.96951 0.151385 4.5
252 4.96608 0.151059 4.5
253 4.96366 0.151041 4.5
254 4.96026 0.151145 4.5
255 4.95782 0.150702 4.5
256 4.95367 0.150723 4.5
257 4.95036 0.150673 4.5
258 4.94717 0.15062 4.5
259 4.94864 0.150808 4.5
260 4.9462 0.15071 4.5
261 4.93821 0.150322 4.5
262 4.93876 0.150676 4.5
263 4.93461 0.150422 4.5
264 4.93322 0.150473 4.5
265 4.93081 0.150181 4.5
266 4.92674 0.149725 4.5
267 4.92843 0.149639 4.5
268 4.92436 0.149786 4.5
269 4.9221 0.149749 4.5
270 4.91711 0.149667 4.5
271 4.91692 0.149721 4.5
272 4.91282 0.1494 4.5
273 4.91163 0.149697 4.5
274 4.90382 0.149329 4.5
275 4.90279 0.149586 4.5
276 4.89896 0.149259 4.5
277 4.89512 0.149173 4.5
278 4.892 0.149035 4.5
279 4.89176 0.149071 4.5
280 4.88703 0.149057 4.5
281 4.88884 0.1491 4.5
282 4.88589 0.148912 4.5
283 4.88496 0.148943 4.5
284 4.8812 0.148809 4.5
285 4.87635 0.148646 4.5
286 4.8753 0.148739 4.5
287 4.87526 0.148456 4.5
288 4.87518 0.14828 4.5
289 4.87127 0.14818 4.5
290 4.86471 0.148 4.5
291 4.86277 0.147987 4.5
292 4.86095 0.147891 4.5
293 4.85913 0.147885 4.5
294 4.85626 0.147893 4.5
295 4.85243 0.147776 4.5
296 4.85148 0.147847 4.5
297 4.84972 0.147811 4.5
298 4.84504 0.147719 4.5
299 4.84439 0.147685 4.5
300 4.84165 0.147632 4.5
301 4.83722 0.147552 4.5
302 4.83556 0.147597 4.5
303 4.8348 0.147413 4.5
304 4.83035 0.147533 4.5
305 4.82775 0.1474 4.5
306 4.82791 0.147214 4.5
307 4.8281 0.147264 4.5
308 4.82269 0.147124 4.5
309 4.82093 0.147235 4.5
310 4.82012 0.14734 4.5
311 4.81755 0.147185 4.5
312 4.81038 0.146945 4.5
313 4.80962 0.146943 4.5
314 4.80792 0.146913 4.5
315 4.80449 0.146836 4.5
316 4.80099 0.146751 4.5
317 4.79931 0.14675 4.5
318 4.794 0.146539 4.5
319 4.79716 0.146802 4.5
320 4.79187 0.146612 4.5
321 4.78762 0.146832 4.5
322 4.78814 0.146615 4.5
323 4.78467 0.146411 4.5
324 4.78117 0.146377 4.5
325 4.78152 0.146388 4.5
326 4.77719 0.146256 4.5
327 4.77665 0.146339 4.5
328 4.77518 0.146182 4.5
329 4.77175 0.14617 4.5
330 4.76832 0.146417 4.5
331 4.76599 0.146079 4.5
332 4.7664 0.145993 4.5
333 4.76586 0.146093 4.5
334 4.75718 0.145921 4.5
335 4.75937 0.145885 4.5
336 4.75528 0.145782 4.5
337 4.75467 0.14579 4.5
338 4.75323 0.145792 4.5
339 4.75005 0.145692 4.5
340 4.74664 0.145543 4.5
341 4.74706 0.145599 4.5
342 4.74004 0.145463 4.5
343 4.73866 0.145411 4.5
344 4.73821 0.145425 4.5
345 4.73769 0.145317 4.5
346 4.7354 0.145126 4.5
347 4.7367 0.145254 4.5
348 4.72796 0.144904 4.5
349 4.72755 0.144929 4.5
350 4.72716 0.144905 4.5
351 4.72309 0.144774 4.5
352 4.72084 0.144794 4.5
353 4.71782 0.144667 4.5
354 4.71566 0.144616 4.5
355 4.7152 0.14473 4.5
356 4.71388 0.144448 4.5
357 4.70987 0.144453 4.5
358 4.71044 0.144255 4.5
359 4.70825 0.144196 4.5
360 4.7097 0.144329 4.5
361 4.7093 0.144562 4.5
362 4.70443 0.144154 4.5
363 4.70226 0.144109 4.5
364 4.69919 0.144196 4.5
365 4.69427 0.144094 4.5
366 4.69667 0.144077 4.5
367 4.69457 0.143958 4.5
368 4.69078 0.143953 4.5
369 4.68964 0.143806 4.5
370 4.68944 0.143846 4.5
371 4.68653 0.143796 4.5
372 4.68537 0.143454 4.5
373 4.6824 0.143782 4.5
374 4.67942 0.143693 4.5
375 4.68183 0.143848 4.5
376 4.67609 0.143598 4.5
377 4.67409 0.143831 4.5
378 4.6739 0.143711 4.5
379 4.67182 0.143532 4.5
380 4.66703 0.143353 4.5
381 4.66691 0.143486 4.5
382 4.66759 0.143222 4.5
383 4.66474 0.143107 4.5
384 4.66006 0.142871 4.5
385 4.6616 0.142894 4.5
386 4.66241 0.142941 4.5
387 4.65694 0.142787 4.5
388 4.65588 0.142808 4.5
389 4.65579 0.143026 4.5
390 4.65388 0.14276 4.5
391 4.64916 0.14271 4.5
392 4.64541 0.142546 4.5
393 4.6452 0.142564 4.5
394 4.64151 0.142508 4.5
395 4.6405 0.142366 4.5
396 4.6385 0.142459 4.5
397 4.63572 0.142388 4.5
398 4.63372 0.14233 4.5
399 4.63261 0.142432 4.5
400 4.63161 0.142257 4.5
401 4.6297 0.142262 4.5
402 4.62871 0.142392 4.5
403 4.62595 0.142172 4.5
404 4.62409 0.142121 4.5
405 4.62488 0.142255 4.5
406 4.62028 0.14205 4.5
407 4.622 0.142193 4.5
408 4.61745 0.142025 4.5
409 4.61649 0.142022 4.5
410 4.61462 0.141983 4.5
411 4.61275 0.14192 4.5
412 4.61087 0.141947 4.5
413 4.60808 0.141832 4.5
414 4.60797 0.141915 4.5
415 4.60524 0.141821 4.5
416 4.6025 0.141736 4.5
417 4.60152 0.141636 4.5
418 4.59693 0.141539 4.5
419 4.59961 0.141729 4.5
420 4.59523 0.14173 4.5
421 4.5943 0.141593 4.5
422 4.59245 0.141556 4.5
423 4.59244 0.141614 4.5
424 4.59059 0.141576 4.5
425 4.58969 0.141544 4.5
426 4.58704 0.141506 4.5
427 4.58609 0.141491 4.5
428 4.58435 0.14141 4.5
429 4.58265 0.141352 4.5
430 4.5818 0.141279 4.5
431 4.57656 0.141011 4.5
432 4.57659 0.141201 4.5
433 4.57136 0.14122 4.5
434 4.57401 0.141219 4.5
435 4.57142 0.141137 4.5
436 4.56974 0.141097 4.5
437 4.56884 0.141073 4.5
438 4.56627 0.141025 4.5
439 4.56634 0.141053 4.5
440 4.56551 0.141229 4.5
441 4.56022 0.140915 4.5
442 4.55762 0.141125 4.5
443 4.55759 0.140968 4.5
444 4.55676 0.140901 4.5
445 4.55422 0.140835 4.5
446 4.55346 0.140825 4.5
447 4.5544 0.140945 4.5
448 4.55098 0.140807 4.5
449 4.54931 0.140776 4.5
450 4.54688 0.140808 4.5
451 4.54439 0.140748 4.5
452 4.54451 0.140676 4.5
453 4.54291 0.140538 4.5
454 4.54128 0.140551 4.5
455 4.54232 0.140738 4.5
456 4.53721 0.140499 4.5
457 4.53732 0.140564 4.5
458 4.53385 0.140452 4.5
459 4.53482 0.140457 4.5
460 4.5306 0.14038 4.5
461 4.53172 0.140409 4.5
462 4.53019 0.140331 4.5
463 4.52515 0.140151 4.5
464 4.52362 0.140311 4.5
465 4.52295 0.14035 4.5
466 4.52311 0.140221 4.5
467 4.5199 0.140179 4.5
468 4.51841 0.140105 4.5
469 4.51778 0.140123 4.5
470 4.51352 0.140059 4.5
471 4.51381 0.140011 4.5
472 4.51223 0.139958 4.5
473 4.50976 0.139946 4.5
474 4.50916 0.140076 4.5
475 4.50841 0.139932 4.5
476 4.50597 0.139855 4.5
477 4.50705 0.139997 4.5
478 4.50451 0.139847 4.5
479 4.50378 0.139851 4.5
480 4.49709 0.139366 4.5
481 4.50074 0.139499 4.5
482 4.49754 0.139424 4.5
483 4.49954 0.139548 4.5
484 4.49724 0.139492 4.5
485 4.49576 0.139438 4.5
486 4.49778 0.139654 4.5
487 4.49371 0.139405 4.5
488 4.49314 0.139455 4.5
489 4.49168 0.139266 4.5
490 4.4885 0.139464 4.5
491 4.48702 0.139256 4.5
492 4.48653 0.139305 4.5
493 4.48762 0.139161 4.5
494 4.48619 0.139351 4.5
495 4.48295 0.139231 4.5
496 4.48504 0.139296 4.5
497 4.48184 0.139254 4.5
498 4.48121 0.139294 4.5
499 4.47804 0.139135 4.5
500 4.47666 0.139133 4.5
501 4.47526 0.138951 4.5
502 4.47464 0.139119 4.5
503 4.47147 0.138999 4.5
504 4.47269 0.13909 4.5
505 4.46873 0.139064 4.5
506 4.46817 0.138936 4.5
507 4.46852 0.139026 4.5
508 4.46536 0.138869 4.5
509 4.46387 0.138801 4.5
510 4.46423 0.13889 4.5
511 4.46295 0.138713 4.5
512 4.45891 0.138686 4.5
513 4.45661 0.138717 4.5
514 4.4561 0.138628 4.5
515 4.4573 0.138469 4.5
516 4.45502 0.138689 4.5
517 4.45351 0.138499 4.5
518 4.45211 0.138361 4.5
519 4.44992 0.138332 4.5
520 4.45028 0.138307 4.5
521 4.44799 0.138317 4.5
522 4.44747 0.138362 4.5
523 4.44785 0.138302 4.5
524 4.44568 0.138235 4.5
525 4.44436 0.138206 4.5
526 4.44638 0.138183 4.5
527 4.44151 0.138197 4.5
528 4.44183 0.138239 4.5
529 4.44136 0.138263 4.5
530 4.43911 0.138151 4.5
531 4.43701 0.138085 4.5
532 4.43568 0.138058 4.5
533 4.43433 0.138031 4.5
534 4.43298 0.138003 4.5
535 4.42901 0.138015 4.5
536 4.43117 0.137958 4.5
537 4.42809 0.137916 4.5
538 4.4285 0.137944 4.5
539 4.42466 0.138074 4.5
540 4.42418 0.137735 4.5
541 4.42365 0.137812 4.5
542 4.42322 0.137815 4.5
543 4.42187 0.137758 4.5
544 4.42048 0.137731 4.5
545 4.42004 0.137604 4.5
546 4.41875 0.137704 4.5
547 4.4157 0.137772 4.5
548 4.41783 0.137728 4.5
549 4.4148 0.137731 4.5
550 4.41355 0.137581 4.5
551 4.41224 0.13772 4.5
552 4.41015 0.137373 4.5
553 4.40717 0.137592 4.5
554 4.40933 0.137463 4.5
555 4.40813 0.137586 4.5
556 4.40347 0.137517 4.5
557 4.40474 0.137458 4.5
558 4.40342 0.137433 4.5
559 4.40302 0.137416 4.5
560 4.40095 0.137384 4.5
561 4.39978 0.137456 4.5
562 4.39599 0.137261 4.5
563 4.39821 0.137371 4.5
564 4.39948 0.137365 4.5
565 4.39395 0.137185 4.5
566 4.39359 0.13729 4.5
567 4.39403 0.137335 4.5
568 4.39279 0.137311 4.5
569 4.38983 0.137317 4.5
570 4.39035 0.137234 4.5
571 4.39169 0.137373 4.5
572 4.38794 0.137229 4.5
573 4.39018 0.13731 4.5
574 4.3872 0.137337 4.5
575 4.38432 0.1373 4.5
576 4.38474 0.137195 4.5
577 4.38356 0.137216 4.5
578 4.3823 0.137147 4.5
579 4.38279 0.13722 4.5
580 4.38242 0.13723 4.5
581 4.3787 0.137191 4.5
582 4.3809 0.137126 4.5
583 4.37716 0.137024 4.5
584 4.3752 0.137013 4.5
585 4.37652 0.136942 4.5
586 4.37532 0.136911 4.5
587 4.37408 0.137148 4.5
588 4.37629 0.137134 4.5
589 4.37511 0.137306 4.5
590 4.37387 0.13715 4.5
591 4.37357 0.137135 4.5
592 4.37066 0.137092 4.5
593 4.36858 0.137024 4.5
594 4.3683 0.136839 4.5
595 4.36544 0.136975 4.5
596 4.36681 0.137033 4.5
597 4.36565 0.136984 4.5
598 4.36452 0.136877 4.5
599 4.3608 0.137111 4.5