0 11.8425 1.01532 3.51207 2.87792
1 9.6775 0.493491 3.51207 2.87792
2 9.34 0.463598 3.51207 2.87792
3 8.9575 0.444918 3.51207 2.87792
4 8.865 0.436812 3.51207 2.87792
5 8.7125 0.428339 3.51207 2.87792
6 8.5725 0.414788 3.51207 2.87792
7 8.465 0.406875 3.51207 2.87792
8 8.3875 0.397295 3.51207 2.87792
9 8.2775 0.391329 3.51207 2.87792
10 8.205 0.385577 3.51207 2.87792
11 8.15 0.388804 3.51207 2.87792
12 8.1175 0.379255 3.51207 2.87792
13 8.07 0.37663 3.51207 2.87792
14 8.0275 0.377961 3.51207 2.87792
15 7.9725 0.375406 3.51207 2.87792
16 7.975 0.375148 3.51207 2.87792
17 7.89 0.367756 3.51207 2.87792
18 7.8675 0.368442 3.51207 2.87792
19 7.815 0.36035 3.51207 2.87792
20 7.8425 0.363637 3.51207 2.87792
21 7.8 0.360399 3.51207 2.87792
22 7.7725 0.359742 3.51207 2.87792
23 7.73 0.357988 3.51207 2.87792
24 7.695 0.356483 3.51207 2.87792
25 7.6825 0.352604 3.51207 2.87792
26 7.69 0.355278 3.51207 2.87792
27 7.6775 0.354413 3.51207 2.87792
28 7.675 0.351619 3.51207 2.87792
29 7.645 0.349174 3.51207 2.87792
30 7.615 0.346561 3.51207 2.87792
31 7.6025 0.347093 3.51207 2.87792
32 7.595 0.348805 3.51207 2.87792
33 7.585 0.347249 3.51207 2.87792
34 7.5925 0.346036 3.51207 2.87792
35 7.6025 0.346625 3.51207 2.87792
36 7.56 0.346686 3.51207 2.87792
37 7.555 0.34685 3.51207 2.87792
38 7.53 0.345033 3.51207 2.87792
39 7.5025 0.344402 3.51207 2.87792
40 7.48 0.344854 3.51207 2.87792
41 7.5 0.343184 3.51207 2.87792
42 7.475 0.340365 3.51207 2.87792
43 7.4775 0.339685 3.51207 2.87792
44 7.4625 0.337337 3.51207 2.87792
45 7.44 0.335751 3.51207 2.87792
46 7.425 0.334606 3.51207 2.87792
47 7.43 0.33528 3.51207 2.87792
48 7.4125 0.330766 3.51207 2.87792
49 7.41 0.333661 3.51207 2.87792
50 7.4 0.332039 3.51207 2.87792
51 7.4 0.331568 3.51207 2.87792
52 7.3825 0.330383 3.51207 2.87792
53 7.3875 0.330009 3.51207 2.87792
54 7.3725 0.328039 3.51207 2.87792
55 7.3625 0.331082 3.51207 2.87792
56 7.3675 0.33086 3.51207 2.87792
57 7.3575 0.330075 3.51207 2.87792
58 7.3525 0.330429 3.51207 2.87792
59 7.3525 0.327236 3.51207 2.87792
60 7.3475 0.326886 3.51207 2.87792
61 7.3575 0.326055 3.51207 2.87792
62 7.335 0.324433 3.51207 2.87792
63 7.3425 0.324597 3.51207 2.87792
64 7.33 0.324215 3.51207 2.87792
65 7.3375 0.324667 3.51207 2.87792
66 7.335 0.324818 3.51207 2.87792
67 7.3225 0.324667 3.51207 2.87792
68 7.3125 0.323264 3.51207 2.87792
69 7.3075 0.321784 3.51207 2.87792
70 7.305 0.32034 3.51207 2.87792
71 7.305 0.320437 3.51207 2.87792
72 7.31 0.320679 3.51207 2.87792
73 7.3025 0.321096 3.51207 2.87792
74 7.3 0.31998 3.51207 2.87792
75 7.3025 0.320979 3.51207 2.87792
76 7.2925 0.319147 3.51207 2.87792
77 7.285 0.319663 3.51207 2.87792
78 7.275 0.318058 3.51207 2.87792
79 7.2775 0.318749 3.51207 2.87792
80 7.2725 0.317857 3.51207 2.87792
81 7.2675 0.317828 3.51207 2.87792
82 7.25 0.316257 3.51207 2.87792
83 7.2675 0.31828 3.51207 2.87792
84 7.2625 0.317937 3.51207 2.87792
85 7.25 0.31604 3.51207 2.87792
86 7.24 0.313458 3.51207 2.87792
87 7.2475 0.313194 3.51207 2.87792
88 7.235 0.312389 3.51207 2.87792
89 7.235 0.312849 3.51207 2.87792
90 7.2325 0.313283 3.51207 2.87792
91 7.2425 0.312525 3.51207 2.87792
92 7.235 0.312369 3.51207 2.87792
93 7.225 0.312147 3.51207 2.87792
94 7.2275 0.311592 3.51207 2.87792
95 7.2275 0.31103 3.51207 2.87792
96 7.225 0.311446 3.51207 2.87792
97 7.2175 0.310766 3.51207 2.87792
98 7.2275 0.311311 3.51207 2.87792
99 7.215 0.310579 3.51207 2.87792
100 7.2025 0.309158 3.51207 2.87792
101 7.2125 0.310433 3.51207 2.87792
102 7.21 0.310064 3.51207 2.87792
103 7.205 0.30973 3.51207 2.87792
104 7.19 0.308601 3.51207 2.87792
105 7.1825 0.308217 3.51207 2.87792
106 7.185 0.307757 3.51207 2.87792
107 7.19 0.308216 3.51207 2.87792
108 7.1825 0.307059 3.51207 2.87792
109 7.1775 0.307778 3.51207 2.87792
110 7.1775 0.307778 3.51207 2.87792
111 7.17 0.306782 3.51207 2.87792
112 7.1675 0.306408 3.51207 2.87792
113 7.16 0.305509 3.51207 2.87792
114 7.1625 0.305741 3.51207 2.87792
115 7.15 0.304292 3.51207 2.87792
116 7.1575 0.304991 3.51207 2.87792
117 7.155 0.304553 3.51207 2.87792
118 7.155 0.305209 3.51207 2.87792
119 7.16 0.305755 3.51207 2.87792
120 7.1575 0.304683 3.51207 2.87792
121 7.155 0.303484 3.51207 2.87792
122 7.1575 0.306034 3.51207 2.87792
123 7.1575 0.305175 3.51207 2.87792
124 7.1525 0.303621 3.51207 2.87792
125 7.155 0.304532 3.51207 2.87792
126 7.1575 0.304457 3.51207 2.87792
127 7.1575 0.304457 3.51207 2.87792
128 7.145 0.304154 3.51207 2.87792
129 7.1425 0.30388 3.51207 2.87792
130 7.14 0.30342 3.51207 2.87792
131 7.14 0.302636 3.51207 2.87792
132 7.135 0.30291 3.51207 2.87792
133 7.13 0.302068 3.51207 2.87792
134 7.1325 0.302551 3.51207 2.87792
135 7.13 0.303513 3.51207 2.87792
136 7.13 0.302626 3.51207 2.87792
137 7.125 0.302177 3.51207 2.87792
138 7.125 0.301659 3.51207 2.87792
139 7.1275 0.301315 3.51207 2.87792
140 7.1325 0.301268 3.51207 2.87792
141 7.1225 0.300676 3.51207 2.87792
142 7.1275 0.301107 3.51207 2.87792
143 7.125 0.30139 3.51207 2.87792
144 7.125 0.301949 3.51207 2.87792
145 7.1225 0.299865 3.51207 2.87792
146 7.125 0.300247 3.51207 2.87792
147 7.115 0.299945 3.51207 2.87792
148 7.125 0.300809 3.51207 2.87792
149 7.12 0.300169 3.51207 2.87792
150 7.1125 0.300228 3.51207 2.87792
151 7.11 0.299929 3.51207 2.87792
152 7.1125 0.300291 3.51207 2.87792
153 7.105 0.299454 3.51207 2.87792
154 7.11 0.299616 3.51207 2.87792
155 7.1125 0.300686 3.51207 2.87792
156 7.1125 0.300249 3.51207 2.87792
157 7.115 0.300424 3.51207 2.87792
158 7.11 0.300283 3.51207 2.87792
159 7.105 0.300433 3.51207 2.87792
160 7.11 0.300137 3.51207 2.87792
161 7.11 0.300491 3.51207 2.87792
162 7.11 0.300574 3.51207 2.87792
163 7.105 0.300807 3.51207 2.87792
164 7.1125 0.300665 3.51207 2.87792
165 7.1025 0.299278 3.51207 2.87792
166 7.1075 0.298981 3.51207 2.87792
167 7.105 0.298387 3.51207 2.87792
168 7.105 0.29822 3.51207 2.87792
169 7.0975 0.298111 3.51207 2.87792
170 7.0925 0.297527 3.51207 2.87792
171 7.0875 0.29751 3.51207 2.87792
172 7.095 0.2985 3.51207 2.87792
173 7.0925 0.297317 3.51207 2.87792
174 7.095 0.296947 3.51207 2.87792
175 7.0825 0.295934 3.51207 2.87792
176 7.08 0.296178 3.51207 2.87792
177 7.09 0.296255 3.51207 2.87792
178 7.0775 0.296169 3.51207 2.87792
179 7.08 0.295904 3.51207 2.87792
180 7.08 0.295883 3.51207 2.87792
181 7.075 0.295865 3.51207 2.87792
182 7.0825 0.296145 3.51207 2.87792
183 7.08 0.296726 3.51207 2.87792
184 7.075 0.295082 3.51207 2.87792
185 7.0875 0.296289 3.51207 2.87792
186 7.0725 0.295792 3.51207 2.87792
187 7.0725 0.294967 3.51207 2.87792
188 7.06 0.294561 3.51207 2.87792
189 7.0675 0.294419 3.51207 2.87792
190 7.0675 0.294716 3.51207 2.87792
191 7.065 0.294346 3.51207 2.87792
192 7.065 0.294197 3.51207 2.87792
193 7.0625 0.293912 3.51207 2.87792
194 7.065 0.293942 3.51207 2.87792
195 7.06 0.293327 3.51207 2.87792
196 7.065 0.29324 3.51207 2.87792
197 7.06 0.293327 3.51207 2.87792
198 7.0575 0.292465 3.51207 2.87792
199 7.0575 0.292465 3.51207 2.87792
200 7.055 0.292711 3.51207 2.87792
201 7.0525 0.292253 3.51207 2.87792
202 7.05 0.292137 3.51207 2.87792
203 7.0525 0.291954 3.51207 2.87792
204 7.0475 0.291527 3.51207 2.87792
205 7.05 0.291987 3.51207 2.87792
206 7.045 0.292032 3.51207 2.87792
207 7.055 0.29254 3.51207 2.87792
208 7.045 0.291989 3.51207 2.87792
209 7.05 0.292137 3.51207 2.87792
210 7.0525 0.291932 3.51207 2.87792
211 7.0475 0.291806 3.51207 2.87792
212 7.055 0.29237 3.51207 2.87792
213 7.05 0.292243 3.51207 2.87792
214 7.05 0.292799 3.51207 2.87792
215 7.0475 0.292341 3.51207 2.87792
216 7.0425 0.292129 3.51207 2.87792
217 7.0425 0.2923 3.51207 2.87792
218 7.04 0.291991 3.51207 2.87792
219 7.0425 0.292428 3.51207 2.87792
220 7.035 0.292078 3.51207 2.87792
221 7.0325 0.291961 3.51207 2.87792
222 7.035 0.29227 3.51207 2.87792
223 7.0425 0.292321 3.51207 2.87792
224 7.0375 0.292173 3.51207 2.87792
225 7.0375 0.292002 3.51207 2.87792
226 7.0325 0.292089 3.51207 2.87792
227 7.0275 0.292219 3.51207 2.87792
228 7.025 0.292123 3.51207 2.87792
229 7.0275 0.291319 3.51207 2.87792
230 7.025 0.292123 3.51207 2.87792
231 7.03 0.292143 3.51207 2.87792
232 7.0275 0.291641 3.51207 2.87792
233 7.0275 0.292155 3.51207 2.87792
234 7.035 0.292377 3.51207 2.87792
235 7.03 0.292143 3.51207 2.87792
236 7.0325 0.292773 3.51207 2.87792
237 7.0275 0.291791 3.51207 2.87792
238 7.0275 0.292326 3.51207 2.87792
239 7.0325 0.292089 3.51207 2.87792
240 7.03 0.292763 3.51207 2.87792
241 7.0325 0.292089 3.51207 2.87792
242 7.03 0.292143 3.51207 2.87792
243 7.03 0.292143 3.51207 2.87792
244 7.0325 0.292089 3.51207 2.87792
245 7.025 0.291609 3.51207 2.87792
246 7.0325 0.291425 3.51207 2.87792
247 7.0325 0.29226 3.51207 2.87792
248 7.0275 0.29224 3.51207 2.87792
249 7.03 0.292143 3.51207 2.87792
250 7.0275 0.292133 3.51207 2.87792
251 7.0225 0.292092 3.51207 2.87792
252 7.0275 0.292262 3.51207 2.87792
253 7.0175 0.29237 3.51207 2.87792
254 7.025 0.291995 3.51207 2.87792
255 7.025 0.292145 3.51207 2.87792
256 7.0225 0.291706 3.51207 2.87792
257 7.02 0.291974 3.51207 2.87792
258 7.02 0.291589 3.51207 2.87792
259 7.0225 0.292348 3.51207 2.87792
260 7.02 0.292231 3.51207 2.87792
261 7.0175 0.293182 3.51207 2.87792
262 7.0175 0.291878 3.51207 2.87792
263 7.015 0.291911 3.51207 2.87792
264 7.0175 0.292007 3.51207 2.87792
265 7.0125 0.291793 3.51207 2.87792
266 7.015 0.29174 3.51207 2.87792
267 7.015 0.292189 3.51207 2.87792
268 7.0125 0.29145 3.51207 2.87792
269 7.0125 0.29145 3.51207 2.87792
270 7.015 0.291568 3.51207 2.87792
271 7.015 0.291225 3.51207 2.87792
272 7.015 0.291568 3.51207 2.87792
273 7.015 0.291911 3.51207 2.87792
274 7.0175 0.291943 3.51207 2.87792
275 7.015 0.291889 3.51207 2.87792
276 7.015 0.291911 3.51207 2.87792
277 7.0175 0.291643 3.51207 2.87792
278 7.01 0.292339 3.51207 2.87792
279 7.0125 0.292093 3.51207 2.87792
280 7.01 0.291483 3.51207 2.87792
281 7.0125 0.291836 3.51207 2.87792
282 7.0075 0.291537 3.51207 2.87792
283 7.01 0.291397 3.51207 2.87792
284 7.01 0.291633 3.51207 2.87792
285 7.0125 0.291665 3.51207 2.87792
286 7.01 0.291654 3.51207 2.87792
287 7.0075 0.291537 3.51207 2.87792
288 7.0125 0.291751 3.51207 2.87792
289 7.015 0.29221 3.51207 2.87792
290 7.01 0.291633 3.51207 2.87792
291 7.005 0.291526 3.51207 2.87792
292 7.0075 0.291622 3.51207 2.87792
293 7.0075 0.291815 3.51207 2.87792
294 7.0125 0.291751 3.51207 2.87792
295 7.005 0.290753 3.51207 2.87792
296 7.0125 0.291772 3.51207 2.87792
297 7.005 0.291783 3.51207 2.87792
298 7.015 0.292381 3.51207 2.87792
299 7.015 0.291397 3.51207 2.87792
300 7.0025 0.290506 3.51207 2.87792
301 7.0075 0.290377 3.51207 2.87792
302 7.0025 0.290097 3.51207 2.87792
303 7 0.289072 3.51207 2.87792
304 6.9975 0.289277 3.51207 2.87792
305 7 0.288856 3.51207 2.87792
306 6.99 0.289762 3.51207 2.87792
307 6.995 0.28879 3.51207 2.87792
308 6.995 0.289245 3.51207 2.87792
309 6.99 0.287184 3.51207 2.87792
310 6.9925 0.288238 3.51207 2.87792
311 6.985 0.287466 3.51207 2.87792
312 6.99 0.287663 3.51207 2.87792
313 6.99 0.287858 3.51207 2.87792
314 6.9875 0.287738 3.51207 2.87792
315 6.9825 0.286933 3.51207 2.87792
316 6.99 0.287663 3.51207 2.87792
317 6.99 0.287663 3.51207 2.87792
318 6.9875 0.287738 3.51207 2.87792
319 6.99 0.287663 3.51207 2.87792
320 6.99 0.287858 3.51207 2.87792
321 6.99 0.287858 3.51207 2.87792
322 6.995 0.287989 3.51207 2.87792
323 6.995 0.288357 3.51207 2.87792
324 6.9925 0.287782 3.51207 2.87792
325 6.9875 0.287565 3.51207 2.87792
326 6.9875 0.287565 3.51207 2.87792
327 6.995 0.28775 3.51207 2.87792
328 6.985 0.286683 3.51207 2.87792
329 6.99 0.288379 3.51207 2.87792
330 6.9875 0.287586 3.51207 2.87792
331 6.9925 0.287782 3.51207 2.87792
332 6.9875 0.287412 3.51207 2.87792
333 6.9925 0.286847 3.51207 2.87792
334 6.9875 0.287565 3.51207 2.87792
335 6.99 0.287336 3.51207 2.87792
336 6.9925 0.287782 3.51207 2.87792
337 6.99 0.287663 3.51207 2.87792
338 6.9925 0.28763 3.51207 2.87792
339 6.99 0.287663 3.51207 2.87792
340 6.99 0.287663 3.51207 2.87792
341 6.99 0.287663 3.51207 2.87792
342 6.99 0.2884 3.51207 2.87792
343 6.99 0.287663 3.51207 2.87792
344 6.9875 0.287738 3.51207 2.87792
345 6.9925 0.287804 3.51207 2.87792
346 6.9925 0.288064 3.51207 2.87792
347 6.9875 0.286541 3.51207 2.87792
348 6.9875 0.287565 3.51207 2.87792
349 6.985 0.286879 3.51207 2.87792
350 6.9875 0.287304 3.51207 2.87792
351 6.985 0.286966 3.51207 2.87792
352 6.99 0.288444 3.51207 2.87792
353 6.9925 0.287782 3.51207 2.87792
354 6.9825 0.286889 3.51207 2.87792
355 6.985 0.286966 3.51207 2.87792
356 6.9825 0.286431 3.51207 2.87792
357 6.9875 0.287608 3.51207 2.87792
358 6.9875 0.287977 3.51207 2.87792
359 6.9825 0.28617 3.51207 2.87792
360 6.9875 0.287086 3.51207 2.87792
361 6.9825 0.28665 3.51207 2.87792
362 6.975 0.287138 3.51207 2.87792
363 6.9825 0.286475 3.51207 2.87792
364 6.975 0.285895 3.51207 2.87792
365 6.9775 0.285928 3.51207 2.87792
366 6.98 0.286355 3.51207 2.87792
367 6.9775 0.286256 3.51207 2.87792
368 6.97 0.285894 3.51207 2.87792
369 6.9675 0.285313 3.51207 2.87792
370 6.97 0.285391 3.51207 2.87792
371 6.97 0.285237 3.51207 2.87792
372 6.9725 0.285512 3.51207 2.87792
373 6.97 0.285391 3.51207 2.87792
374 6.97 0.285325 3.51207 2.87792
375 6.9625 0.28529 3.51207 2.87792
376 6.965 0.286045 3.51207 2.87792
377 6.965 0.285411 3.51207 2.87792
378 6.965 0.285389 3.51207 2.87792
379 6.97 0.286069 3.51207 2.87792
380 6.96 0.28519 3.51207 2.87792
381 6.9625 0.28529 3.51207 2.87792
382 6.9675 0.285335 3.51207 2.87792
383 6.965 0.285389 3.51207 2.87792
384 6.9675 0.28551 3.51207 2.87792
385 6.965 0.285411 3.51207 2.87792
386 6.9675 0.285598 3.51207 2.87792
387 6.965 0.285389 3.51207 2.87792
388 6.965 0.285389 3.51207 2.87792
389 6.9575 0.284871 3.51207 2.87792
390 6.9575 0.284564 3.51207 2.87792
391 6.955 0.283694 3.51207 2.87792
392 6.9475 0.283173 3.51207 2.87792
393 6.955 0.283782 3.51207 2.87792
394 6.955 0.282988 3.51207 2.87792
395 6.95 0.2825 3.51207 2.87792
396 6.9475 0.283988 3.51207 2.87792
397 6.9475 0.2822 3.51207 2.87792
398 6.9525 0.283307 3.51207 2.87792
399 6.95 0.283097 3.51207 2.87792
400 6.9575 0.284081 3.51207 2.87792
401 6.9475 0.2822 3.51207 2.87792
402 6.9525 0.283043 3.51207 2.87792
403 6.9475 0.2822 3.51207 2.87792
404 6.95 0.283097 3.51207 2.87792
405 6.95 0.283097 3.51207 2.87792
406 6.95 0.283097 3.51207 2.87792
407 6.955 0.283959 3.51207 2.87792
408 6.9525 0.283043 3.51207 2.87792
409 6.945 0.282984 3.51207 2.87792
410 6.9475 0.283173 3.51207 2.87792
411 6.9525 0.283219 3.51207 2.87792
412 6.95 0.282588 3.51207 2.87792
413 6.9475 0.283085 3.51207 2.87792
414 6.9525 0.283043 3.51207 2.87792
415 6.955 0.283342 3.51207 2.87792
416 6.945 0.283249 3.51207 2.87792
417 6.9475 0.282952 3.51207 2.87792
418 6.9475 0.282222 3.51207 2.87792
419 6.9425 0.28317 3.51207 2.87792
420 6.945 0.283756 3.51207 2.87792
421 6.94 0.283026 3.51207 2.87792
422 6.94 0.282495 3.51207 2.87792
423 6.9375 0.283079 3.51207 2.87792
424 6.94 0.28318 3.51207 2.87792
425 6.94 0.28318 3.51207 2.87792
426 6.94 0.28318 3.51207 2.87792
427 6.9425 0.283303 3.51207 2.87792
428 6.9425 0.283126 3.51207 2.87792
429 6.94 0.283202 3.51207 2.87792
430 6.94 0.283202 3.51207 2.87792
431 6.94 0.28318 3.51207 2.87792
432 6.9425 0.283303 3.51207 2.87792
433 6.9375 0.283079 3.51207 2.87792
434 6.945 0.283425 3.51207 2.87792
435 6.94 0.28318 3.51207 2.87792
436 6.94 0.28318 3.51207 2.87792
437 6.94 0.28318 3.51207 2.87792
438 6.9375 0.283256 3.51207 2.87792
439 6.94 0.283202 3.51207 2.87792
440 6.94 0.28318 3.51207 2.87792
441 6.94 0.28318 3.51207 2.87792
442 6.9375 0.282836 3.51207 2.87792
443 6.9425 0.283391 3.51207 2.87792
444 6.94 0.28318 3.51207 2.87792
445 6.94 0.28318 3.51207 2.87792
446 6.94 0.28318 3.51207 2.87792
447 6.9375 0.283079 3.51207 2.87792
448 6.9375 0.283256 3.51207 2.87792
449 6.94 0.28318 3.51207 2.87792
450 6.94 0.28318 3.51207 2.87792
451 6.94 0.28318 3.51207 2.87792
452 6.935 0.282537 3.51207 2.87792
453 6.94 0.28318 3.51207 2.87792
454 6.9425 0.283303 3.51207 2.87792
455 6.9425 0.283303 3.51207 2.87792
456 6.9425 0.283391 3.51207 2.87792
457 6.94 0.28318 3.51207 2.87792
458 6.9425 0.283126 3.51207 2.87792
459 6.9375 0.283079 3.51207 2.87792
460 6.94 0.28318 3.51207 2.87792
461 6.9375 0.282726 3.51207 2.87792
462 6.94 0.28318 3.51207 2.87792
463 6.94 0.28318 3.51207 2.87792
464 6.9375 0.283079 3.51207 2.87792
465 6.94 0.28318 3.51207 2.87792
466 6.94 0.28318 3.51207 2.87792
467 6.9375 0.282991 3.51207 2.87792
468 6.94 0.28318 3.51207 2.87792
469 6.935 0.283155 3.51207 2.87792
470 6.94 0.28318 3.51207 2.87792
471 6.94 0.28318 3.51207 2.87792
472 6.935 0.282714 3.51207 2.87792
473 6.9425 0.283126 3.51207 2.87792
474 6.94 0.28318 3.51207 2.87792
475 6.94 0.28318 3.51207 2.87792
476 6.94 0.28318 3.51207 2.87792
477 6.94 0.28329 3.51207 2.87792
478 6.9425 0.283126 3.51207 2.87792
479 6.94 0.28318 3.51207 2.87792
480 6.94 0.28318 3.51207 2.87792
481 6.9425 0.282905 3.51207 2.87792
482 6.9375 0.283256 3.51207 2.87792
483 6.9425 0.283391 3.51207 2.87792
484 6.94 0.283908 3.51207 2.87792
485 6.935 0.282979 3.51207 2.87792
486 6.9425 0.283303 3.51207 2.87792
487 6.94 0.28318 3.51207 2.87792
488 6.94 0.28318 3.51207 2.87792
489 6.9425 0.283303 3.51207 2.87792
490 6.94 0.283026 3.51207 2.87792
491 6.9425 0.284096 3.51207 2.87792
492 6.94 0.28318 3.51207 2.87792
493 6.9425 0.283303 3.51207 2.87792
494 6.94 0.28318 3.51207 2.87792
495 6.94 0.28329 3.51207 2.87792
496 6.9375 0.283256 3.51207 2.87792
497 6.9375 0.283079 3.51207 2.87792
498 6.945 0.283514 3.51207 2.87792
499 6.9375 0.282372 3.51207 2.87792
500 6.945 0.283602 3.51207 2.87792
501 6.9375 0.283079 3.51207 2.87792
502 6.94 0.28318 3.51207 2.87792
503 6.94 0.28318 3.51207 2.87792
504 6.94 0.28318 3.51207 2.87792
505 6.945 0.283866 3.51207 2.87792
506 6.9425 0.283303 3.51207 2.87792
507 6.9425 0.283303 3.51207 2.87792
508 6.935 0.282182 3.51207 2.87792
509 6.94 0.283114 3.51207 2.87792
510 6.94 0.28318 3.51207 2.87792
511 6.9425 0.283215 3.51207 2.87792
512 6.94 0.28318 3.51207 2.87792
513 6.94 0.28318 3.51207 2.87792
514 6.94 0.28318 3.51207 2.87792
515 6.94 0.28318 3.51207 2.87792
516 6.94 0.28318 3.51207 2.87792
517 6.94 0.28318 3.51207 2.87792
518 6.9375 0.283256 3.51207 2.87792
519 6.945 0.283249 3.51207 2.87792
520 6.9375 0.283079 3.51207 2.87792
521 6.945 0.283249 3.51207 2.87792
522 6.9425 0.283303 3.51207 2.87792
523 6.9375 0.283256 3.51207 2.87792
524 6.9425 0.283126 3.51207 2.87792
525 6.935 0.283155 3.51207 2.87792
526 6.94 0.283908 3.51207 2.87792
527 6.94 0.28318 3.51207 2.87792
528 6.935 0.282293 3.51207 2.87792
529 6.94 0.28318 3.51207 2.87792
530 6.94 0.28318 3.51207 2.87792
531 6.9375 0.282638 3.51207 2.87792
532 6.94 0.28318 3.51207 2.87792
533 6.9375 0.282814 3.51207 2.87792
534 6.94 0.28318 3.51207 2.87792
535 6.9375 0.283256 3.51207 2.87792
536 6.94 0.28318 3.51207 2.87792
537 6.9375 0.283079 3.51207 2.87792
538 6.9375 0.283256 3.51207 2.87792
539 6.945 0.283072 3.51207 2.87792
540 6.94 0.28318 3.51207 2.87792
541 6.94 0.283731 3.51207 2.87792
542 6.9375 0.282726 3.51207 2.87792
543 6.9425 0.283391 3.51207 2.87792
544 6.94 0.28318 3.51207 2.87792
545 6.9475 0.283195 3.51207 2.87792
546 6.94 0.28318 3.51207 2.87792
547 6.9425 0.283832 3.51207 2.87792
548 6.9425 0.283126 3.51207 2.87792
549 6.94 0.28318 3.51207 2.87792
550 6.94 0.28318 3.51207 2.87792
551 6.94 0.28318 3.51207 2.87792
552 6.9425 0.283303 3.51207 2.87792
553 6.9375 0.283256 3.51207 2.87792
554 6.94 0.28318 3.51207 2.87792
555 6.94 0.28318 3.51207 2.87792
556 6.9375 0.283256 3.51207 2.87792
557 6.94 0.28318 3.51207 2.87792
558 6.9425 0.283126 3.51207 2.87792
559 6.9375 0.282549 3.51207 2.87792
560 6.94 0.28318 3.51207 2.87792
561 6.94 0.28318 3.51207 2.87792
562 6.94 0.283202 3.51207 2.87792
563 6.9425 0.283303 3.51207 2.87792
564 6.9375 0.282549 3.51207 2.87792
565 6.9325 0.282015 3.51207 2.87792
566 6.935 0.281939 3.51207 2.87792
567 6.935 0.281939 3.51207 2.87792
568 6.935 0.281939 3.51207 2.87792
569 6.935 0.281939 3.51207 2.87792
570 6.935 0.281939 3.51207 2.87792
571 6.935 0.281939 3.51207 2.87792
572 6.935 0.281939 3.51207 2.87792
573 6.9375 0.282505 3.51207 2.87792
574 6.93 0.282091 3.51207 2.87792
575 6.935 0.281939 3.51207 2.87792
576 6.935 0.281939 3.51207 2.87792
577 6.93 0.281736 3.51207 2.87792
578 6.935 0.281961 3.51207 2.87792
579 6.9375 0.281885 3.51207 2.87792
580 6.935 0.281939 3.51207 2.87792
581 6.9325 0.281305 3.51207 2.87792
582 6.935 0.281939 3.51207 2.87792
583 6.9325 0.281837 3.51207 2.87792
584 6.935 0.281939 3.51207 2.87792
585 6.935 0.281295 3.51207 2.87792
586 6.93 0.280781 3.51207 2.87792
587 6.9275 0.280679 3.51207 2.87792
588 6.93 0.280781 3.51207 2.87792
589 6.9275 0.279965 3.51207 2.87792
590 6.935 0.281295 3.51207 2.87792
591 6.93 0.280781 3.51207 2.87792
592 6.93 0.280781 3.51207 2.87792
593 6.93 0.281603 3.51207 2.87792
594 6.9275 0.280679 3.51207 2.87792
595 6.925 0.280666 3.51207 2.87792
596 6.93 0.280781 3.51207 2.87792
597 6.93 0.280781 3.51207 2.87792
598 6.93 0.280781 3.51207 2.87792
599 6.925 0.28022 3.51207 2.87792


0 428.382 1.51383 64.6758
1 348.118 1.43561 52.8521
2 295.085 1.37141 51.0089
3 257.585 1.34144 48.9199
4 229.566 1.29411 48.4147
5 208.225 1.26287 47.5819
6 191.434 1.24287 46.8173
7 177.835 1.22482 46.2302
8 166.808 1.21974 45.8069
9 157.501 1.21782 45.2062
10 149.743 1.21449 44.8102
11 142.911 1.21002 44.5099
12 137.024 1.19828 44.3324
13 131.993 1.19632 44.073
14 127.412 1.19155 43.8409
15 123.395 1.18886 43.5405
16 119.866 1.18321 43.5541
17 116.643 1.17884 43.0899
18 113.693 1.17617 42.967
19 110.971 1.17368 42.6803
20 108.511 1.17658 42.8305
21 106.264 1.17284 42.5984
22 104.189 1.1715 42.4482
23 102.268 1.16997 42.2161
24 100.473 1.17142 42.025
25 98.8118 1.17066 41.9567
26 97.2335 1.16909 41.9977
27 95.8079 1.16803 41.9294
28 94.444 1.16739 41.9157
29 93.1791 1.16612 41.7519
30 91.981 1.16607 41.5881
31 90.8163 1.16607 41.5198
32 89.7338 1.16502 41.4788
33 88.7015 1.16462 41.4242
34 87.7037 1.1639 41.4652
35 86.7644 1.16378 41.5198
36 85.8669 1.16364 41.2877
37 85.0112 1.16385 41.2604
38 84.1905 1.1637 41.1238
39 83.4179 1.16378 40.9737
40 82.6587 1.16365 40.8508
41 81.9538 1.16528 40.96
42 81.2782 1.16522 40.8235
43 80.6305 1.16489 40.8371
44 80.0119 1.16509 40.7552
45 79.4058 1.1645 40.6323
46 78.8191 1.16458 40.5504
47 78.2628 1.16407 40.5777
48 77.7214 1.16425 40.4821
49 77.2094 1.16436 40.4685
50 76.7109 1.16405 40.4139
51 76.2128 1.16405 40.4139
52 75.7439 1.1631 40.3183
53 75.2811 1.16263 40.3456
54 74.8277 1.16232 40.2637
55 74.3824 1.16085 40.2091
56 73.9584 1.16084 40.2364
57 73.5513 1.16077 40.1818
58 73.1617 1.1605 40.1545
59 72.7726 1.16034 40.1545
60 72.4039 1.16008 40.1271
61 72.0233 1.16017 40.1818
62 71.6667 1.16011 40.0589
63 71.3078 1.15986 40.0998
64 70.9688 1.1597 40.0316
65 70.6443 1.15941 40.0725
66 70.3271 1.15944 40.0589
67 70.0088 1.15971 39.9906
68 69.6983 1.1593 39.936
69 69.3995 1.15901 39.9087
70 69.1114 1.15943 39.895
71 68.8128 1.15921 39.895
72 68.526 1.15962 39.9223
73 68.2419 1.15936 39.8814
74 67.9708 1.15935 39.8677
75 67.7044 1.1589 39.8814
76 67.4416 1.15892 39.8268
77 67.1887 1.15886 39.7858
78 66.9361 1.15858 39.7312
79 66.6891 1.15807 39.7449
80 66.4472 1.15818 39.7175
81 66.2121 1.15742 39.6902
82 65.9785 1.15732 39.5947
83 65.745 1.15717 39.6902
84 65.5236 1.15713 39.6629
85 65.3108 1.15715 39.5947
86 65.0971 1.15706 39.5401
87 64.8869 1.15675 39.581
88 64.6871 1.1566 39.5127
89 64.4826 1.15647 39.5127
90 64.2802 1.15625 39.4991
91 64.0804 1.15598 39.5537
92 63.8941 1.15582 39.5127
93 63.7083 1.15557 39.4581
94 63.5179 1.15508 39.4718
95 63.3331 1.15496 39.4718
96 63.1503 1.15486 39.4581
97 62.973 1.15462 39.4172
98 62.7986 1.15484 39.4718
99 62.6233 1.15463 39.4035
100 62.4526 1.15457 39.3353
101 62.2836 1.15388 39.3899
102 62.1148 1.15398 39.3762
103 61.9508 1.15393 39.3489
104 61.7928 1.15393 39.267
105 61.6328 1.15392 39.226
106 61.4759 1.15373 39.2397
107 61.3207 1.15374 39.267
108 61.1733 1.15383 39.226
109 61.0276 1.15371 39.1987
110 60.8775 1.15362 39.1987
111 60.7331 1.15339 39.1578
112 60.5836 1.15303 39.1441
113 60.4386 1.15295 39.1031
114 60.2912 1.15274 39.1168
115 60.1563 1.1525 39.0485
116 60.0197 1.15233 39.0895
117 59.8859 1.15222 39.0758
118 59.7508 1.15245 39.0758
119 59.6186 1.15241 39.1031
120 59.4907 1.1525 39.0895
121 59.3645 1.15245 39.0758
122 59.2375 1.15242 39.0895
123 59.109 1.15231 39.0895
124 58.9894 1.15214 39.0622
125 58.8677 1.15192 39.0758
126 58.745 1.15171 39.0895
127 58.6252 1.15194 39.0895
128 58.5058 1.15167 39.0212
129 58.3905 1.15153 39.0076
130 58.2731 1.15116 38.9939
131 58.1599 1.15105 38.9939
132 58.0472 1.15086 38.9666
133 57.9345 1.15097 38.9393
134 57.8254 1.15086 38.953
135 57.7201 1.15077 38.9393
136 57.6111 1.15069 38.9393
137 57.5005 1.15049 38.912
138 57.3943 1.15018 38.912
139 57.2851 1.15006 38.9257
140 57.1773 1.15012 38.953
141 57.0748 1.15009 38.8983
142 56.9718 1.14974 38.9257
143 56.8705 1.14972 38.912
144 56.7748 1.14962 38.912
145 56.6783 1.14958 38.8983
146 56.5772 1.14958 38.912
147 56.482 1.14946 38.8574
148 56.3852 1.14931 38.912
149 56.2927 1.14914 38.8847
150 56.2023 1.14909 38.8437
151 56.1107 1.14884 38.8301
152 56.0191 1.14858 38.8437
153 55.9271 1.14841 38.8028
154 55.8396 1.14806 38.8301
155 55.7501 1.14818 38.8437
156 55.6595 1.14808 38.8437
157 55.5656 1.14794 38.8574
158 55.4753 1.14782 38.8301
159 55.3879 1.14781 38.8028
160 55.3006 1.14775 38.8301
161 55.2143 1.14759 38.8301
162 55.1298 1.14735 38.8301
163 55.0449 1.14724 38.8028
164 54.959 1.14719 38.8437
165 54.8747 1.14692 38.7891
166 54.7926 1.14669 38.8164
167 54.7107 1.14652 38.8028
168 54.6297 1.14651 38.8028
169 54.547 1.14646 38.7618
170 54.4664 1.14634 38.7345
171 54.3871 1.14615 38.7072
172 54.306 1.14607 38.7482
173 54.2268 1.14597 38.7345
174 54.1511 1.14585 38.7482
175 54.0761 1.14572 38.6799
176 54.0031 1.14563 38.6662
177 53.9316 1.14545 38.7209
178 53.8587 1.14531 38.6526
179 53.7821 1.14517 38.6662
180 53.7118 1.14501 38.6662
181 53.6392 1.14489 38.6389
182 53.5673 1.14489 38.6799
183 53.4953 1.14473 38.6662
184 53.4242 1.14466 38.6389
185 53.3536 1.14459 38.7072
186 53.2802 1.14429 38.6253
187 53.2091 1.14403 38.6253
188 53.1379 1.14388 38.557
189 53.0688 1.14371 38.598
190 53.0027 1.14371 38.598
191 52.9387 1.1437 38.5843
192 52.8718 1.14375 38.5843
193 52.8049 1.14354 38.5707
194 52.7394 1.14343 38.5843
195 52.6739 1.14317 38.557
196 52.6098 1.14296 38.5843
197 52.5443 1.14276 38.557
198 52.4803 1.14273 38.5434
199 52.4188 1.14257 38.5434
200 52.3522 1.14264 38.5297
201 52.2868 1.14253 38.5161
202 52.2273 1.1424 38.5024
203 52.164 1.14227 38.5161
204 52.1016 1.14209 38.4887
205 52.039 1.14218 38.5024
206 51.9805 1.14219 38.4751
207 51.9205 1.14218 38.5297
208 51.8584 1.14205 38.4751
209 51.7963 1.14191 38.5024
210 51.7368 1.14178 38.5161
211 51.6744 1.14165 38.4887
212 51.6168 1.14159 38.5297
213 51.5598 1.14147 38.5024
214 51.4979 1.14147 38.5024
215 51.4415 1.14136 38.4887
216 51.3845 1.14124 38.4614
217 51.3275 1.14117 38.4614
218 51.273 1.141 38.4478
219 51.2187 1.14087 38.4614
220 51.1623 1.14072 38.4205
221 51.1076 1.14079 38.4068
222 51.0502 1.14076 38.4205
223 50.9944 1.14057 38.4614
224 50.9414 1.14041 38.4341
225 50.8871 1.14036 38.4341
226 50.8306 1.1402 38.4068
227 50.774 1.14018 38.3795
228 50.7208 1.14015 38.3659
229 50.6682 1.13998 38.3795
230 50.6145 1.13969 38.3659
231 50.5602 1.13973 38.3932
232 50.5123 1.1396 38.3795
233 50.4607 1.13944 38.3795
234 50.4096 1.1395 38.4205
235 50.3612 1.13952 38.3932
236 50.3091 1.13945 38.4068
237 50.2561 1.13934 38.3795
238 50.2052 1.1392 38.3795
239 50.1558 1.139 38.4068
240 50.1064 1.13883 38.3932
241 50.0563 1.13876 38.4068
242 50.0064 1.13864 38.3932
243 49.9558 1.13861 38.3932
244 49.9076 1.13843 38.4068
245 49.8583 1.13825 38.3659
246 49.8085 1.13824 38.4068
247 49.7627 1.13818 38.4068
248 49.7148 1.13813 38.3795
249 49.6694 1.1379 38.3932
250 49.6219 1.13776 38.3795
251 49.5759 1.13766 38.3522
252 49.5267 1.13734 38.3795
253 49.4802 1.13721 38.3249
254 49.4344 1.13715 38.3659
255 49.3887 1.13712 38.3659
256 49.3417 1.13707 38.3522
257 49.295 1.13688 38.3386
258 49.2521 1.13678 38.3386
259 49.2087 1.13675 38.3522
260 49.163 1.13682 38.3386
261 49.1175 1.13675 38.3249
262 49.0749 1.13659 38.3249
263 49.0325 1.13655 38.3113
264 48.9863 1.1365 38.3249
265 48.9427 1.13637 38.2976
266 48.9004 1.13636 38.3113
267 48.8591 1.13627 38.3113
268 48.816 1.13609 38.2976
269 48.7746 1.13592 38.2976
270 48.7302 1.1359 38.3113
271 48.6866 1.1359 38.3113
272 48.6455 1.13576 38.3113
273 48.601 1.13563 38.3113
274 48.5588 1.13546 38.3249
275 48.514 1.13534 38.3113
276 48.4725 1.13533 38.3113
277 48.4306 1.1353 38.3249
278 48.3886 1.1352 38.2839
279 48.3467 1.13515 38.2976
280 48.3058 1.13512 38.2839
281 48.2654 1.13506 38.2976
282 48.2255 1.13498 38.2703
283 48.185 1.1349 38.2839
284 48.1433 1.13487 38.2839
285 48.1037 1.13474 38.2976
286 48.0644 1.13472 38.2839
287 48.0244 1.1347 38.2703
288 47.9829 1.13464 38.2976
289 47.9447 1.13459 38.3113
290 47.9055 1.13455 38.2839
291 47.8667 1.13452 38.2566
292 47.8256 1.13437 38.2703
293 47.7866 1.13431 38.2703
294 47.7489 1.1342 38.2976
295 47.7116 1.13419 38.2566
296 47.6741 1.13408 38.2976
297 47.6358 1.13398 38.2566
298 47.5988 1.13395 38.3113
299 47.5607 1.1339 38.3113
300 47.5246 1.1337 38.243
301 47.4884 1.1336 38.2703
302 47.4535 1.13344 38.243
303 47.4178 1.13337 38.2293
304 47.382 1.1333 38.2157
305 47.3449 1.13321 38.2293
306 47.3069 1.13309 38.1747
307 47.2695 1.133 38.202
308 47.2332 1.133 38.202
309 47.1971 1.13292 38.1747
310 47.1628 1.13287 38.1884
311 47.1268 1.13276 38.1474
312 47.0902 1.13255 38.1747
313 47.055 1.13239 38.1747
314 47.0201 1.1323 38.1611
315 46.9854 1.13226 38.1338
316 46.9492 1.13213 38.1747
317 46.9144 1.13206 38.1747
318 46.8798 1.13192 38.1611
319 46.8445 1.13182 38.1747
320 46.8106 1.13182 38.1747
321 46.7757 1.13173 38.1747
322 46.7419 1.13163 38.202
323 46.7091 1.13165 38.202
324 46.6759 1.13156 38.1884
325 46.6443 1.13146 38.1611
326 46.6095 1.13127 38.1611
327 46.5759 1.13119 38.202
328 46.5433 1.13107 38.1474
329 46.5092 1.13103 38.1747
330 46.4757 1.13096 38.1611
331 46.4444 1.13089 38.1884
332 46.4141 1.13071 38.1611
333 46.3821 1.13058 38.1884
334 46.3498 1.13047 38.1611
335 46.3192 1.13031 38.1747
336 46.2866 1.13025 38.1884
337 46.2529 1.13021 38.1747
338 46.2197 1.13017 38.1884
339 46.187 1.12997 38.1747
340 46.1564 1.12994 38.1747
341 46.1233 1.12987 38.1747
342 46.0917 1.12979 38.1747
343 46.0585 1.12964 38.1747
344 46.0267 1.12953 38.1611
345 45.9946 1.1293 38.1884
346 45.9633 1.12924 38.1884
347 45.931 1.12916 38.1611
348 45.9014 1.1291 38.1611
349 45.8707 1.12893 38.1474
350 45.8403 1.12878 38.1611
351 45.8085 1.12865 38.1474
352 45.7771 1.12852 38.1747
353 45.747 1.12845 38.1884
354 45.716 1.12839 38.1338
355 45.6858 1.12826 38.1474
356 45.6555 1.12816 38.1338
357 45.6252 1.12797 38.1611
358 45.5942 1.1279 38.1611
359 45.5641 1.12782 38.1338
360 45.5332 1.12765 38.1611
361 45.5024 1.12758 38.1338
362 45.474 1.1276 38.0928
363 45.4448 1.12746 38.1338
364 45.4168 1.12738 38.0928
365 45.3873 1.1274 38.1065
366 45.3587 1.12728 38.1201
367 45.3288 1.12715 38.1065
368 45.3003 1.12705 38.0655
369 45.2714 1.12689 38.0518
370 45.2436 1.12685 38.0655
371 45.2138 1.12671 38.0655
372 45.1853 1.12662 38.0791
373 45.1562 1.12657 38.0655
374 45.1261 1.12661 38.0655
375 45.0982 1.12653 38.0245
376 45.07 1.12647 38.0382
377 45.0412 1.12642 38.0382
378 45.0123 1.12634 38.0382
379 44.9841 1.12631 38.0655
380 44.9564 1.12633 38.0109
381 44.928 1.12624 38.0245
382 44.8989 1.1262 38.0518
383 44.8718 1.12613 38.0382
384 44.8436 1.12603 38.0518
385 44.8162 1.12594 38.0382
386 44.7902 1.12584 38.0518
387 44.7622 1.12579 38.0382
388 44.7352 1.12583 38.0382
389 44.7074 1.12583 37.9972
390 44.681 1.12576 37.9972
391 44.6531 1.1257 37.9836
392 44.6274 1.12565 37.9426
393 44.6001 1.12555 37.9836
394 44.5724 1.12547 37.9836
395 44.5445 1.12536 37.9563
396 44.5178 1.12521 37.9426
397 44.4914 1.12513 37.9426
398 44.4653 1.12505 37.9699
399 44.437 1.12505 37.9563
400 44.4114 1.12492 37.9972
401 44.385 1.12478 37.9426
402 44.3593 1.12469 37.9699
403 44.3347 1.12459 37.9426
404 44.3095 1.12458 37.9563
405 44.2849 1.1245 37.9563
406 44.2604 1.12438 37.9563
407 44.2347 1.12432 37.9836
408 44.211 1.12416 37.9699
409 44.185 1.12408 37.929
410 44.1621 1.12401 37.9426
411 44.1356 1.12384 37.9699
412 44.1106 1.12374 37.9563
413 44.0869 1.1237 37.9426
414 44.0623 1.12358 37.9699
415 44.038 1.12351 37.9836
416 44.013 1.12339 37.929
417 43.9877 1.12333 37.9426
418 43.9627 1.12328 37.9426
419 43.9374 1.12319 37.9153
420 43.9132 1.1231 37.929
421 43.8873 1.12297 37.9017
422 43.8619 1.12289 37.9017
423 43.8379 1.1228 37.888
424 43.8119 1.12279 37.9017
425 43.7888 1.12272 37.9017
426 43.7642 1.12263 37.9017
427 43.7406 1.1225 37.9153
428 43.7157 1.12241 37.9153
429 43.6911 1.12228 37.9017
430 43.6675 1.12219 37.9017
431 43.644 1.12203 37.9017
432 43.6198 1.12202 37.9153
433 43.5948 1.12196 37.888
434 43.5714 1.12182 37.929
435 43.5478 1.12173 37.9017
436 43.5229 1.12162 37.9017
437 43.4986 1.12159 37.9017
438 43.476 1.12155 37.888
439 43.4519 1.12149 37.9017
440 43.4291 1.12144 37.9017
441 43.4055 1.12137 37.9017
442 43.384 1.12134 37.888
443 43.3609 1.12124 37.9153
444 43.3369 1.12112 37.9017
445 43.3149 1.12101 37.9017
446 43.2918 1.1209 37.9017
447 43.2674 1.12078 37.888
448 43.2448 1.12054 37.888
449 43.2211 1.12041 37.9017
450 43.1971 1.12038 37.9017
451 43.1739 1.12028 37.9017
452 43.1509 1.1202 37.8743
453 43.1286 1.1201 37.9017
454 43.1052 1.11994 37.9153
455 43.083 1.11987 37.9153
456 43.0585 1.11976 37.9153
457 43.0362 1.11971 37.9017
458 43.0157 1.11962 37.9153
459 42.9941 1.11957 37.888
460 42.9716 1.11947 37.9017
461 42.9486 1.1193 37.888
462 42.9264 1.11917 37.9017
463 42.9045 1.11913 37.9017
464 42.8829 1.11904 37.888
465 42.8618 1.11899 37.9017
466 42.8412 1.11885 37.9017
467 42.8183 1.11877 37.888
468 42.7982 1.11868 37.9017
469 42.7755 1.11857 37.8743
470 42.7534 1.11843 37.9017
471 42.7312 1.11835 37.9017
472 42.7098 1.11832 37.8743
473 42.6886 1.11821 37.9153
474 42.6673 1.11818 37.9017
475 42.6464 1.11809 37.9017
476 42.626 1.118 37.9017
477 42.604 1.11794 37.9017
478 42.5827 1.11781 37.9153
479 42.5609 1.11772 37.9017
480 42.5396 1.11769 37.9017
481 42.5191 1.11762 37.9153
482 42.4974 1.11753 37.888
483 42.4768 1.11744 37.9153
484 42.456 1.11725 37.9017
485 42.4364 1.1171 37.8743
486 42.4161 1.11701 37.9153
487 42.3949 1.11691 37.9017
488 42.3751 1.11688 37.9017
489 42.3547 1.11688 37.9153
490 42.3349 1.11679 37.9017
491 42.3148 1.11669 37.9153
492 42.2947 1.11665 37.9017
493 42.2754 1.11645 37.9153
494 42.2545 1.11639 37.9017
495 42.2346 1.11634 37.9017
496 42.2134 1.11619 37.888
497 42.1935 1.11612 37.888
498 42.1738 1.11599 37.929
499 42.1539 1.1159 37.888
500 42.1346 1.11592 37.929
501 42.1156 1.11573 37.888
502 42.0951 1.1157 37.9017
503 42.0757 1.11561 37.9017
504 42.0575 1.11556 37.9017
505 42.0362 1.11548 37.929
506 42.0173 1.11545 37.9153
507 41.9981 1.11538 37.9153
508 41.979 1.11531 37.8743
509 41.9607 1.11527 37.9017
510 41.9419 1.11521 37.9017
511 41.9221 1.11516 37.9153
512 41.9032 1.11515 37.9017
513 41.8828 1.1151 37.9017
514 41.8633 1.11502 37.9017
515 41.8432 1.11492 37.9017
516 41.824 1.11483 37.9017
517 41.8049 1.11476 37.9017
518 41.7855 1.1147 37.888
519 41.7663 1.11457 37.929
520 41.7475 1.11453 37.888
521 41.7285 1.11449 37.929
522 41.7099 1.11446 37.9153
523 41.6903 1.11434 37.888
524 41.6718 1.1143 37.9153
525 41.6524 1.11425 37.8743
526 41.6335 1.11417 37.9017
527 41.6154 1.11414 37.9017
528 41.5972 1.11407 37.8743
529 41.5794 1.1139 37.9017
530 41.5613 1.11388 37.9017
531 41.5416 1.11389 37.888
532 41.5225 1.11381 37.9017
533 41.5043 1.11365 37.888
534 41.4866 1.11363 37.9017
535 41.4682 1.11358 37.888
536 41.4505 1.11345 37.9017
537 41.4323 1.11337 37.888
538 41.4153 1.11324 37.888
539 41.3974 1.11323 37.929
540 41.3804 1.1132 37.9017
541 41.3631 1.11309 37.9017
542 41.3445 1.11302 37.888
543 41.3262 1.11301 37.9153
544 41.3077 1.11296 37.9017
545 41.2895 1.11293 37.9426
546 41.2711 1.11285 37.9017
547 41.2528 1.11269 37.9153
548 41.2354 1.11261 37.9153
549 41.2177 1.11257 37.9017
550 41.1984 1.11246 37.9017
551 41.1812 1.11246 37.9017
552 41.1642 1.11237 37.9153
553 41.1464 1.11229 37.888
554 41.1292 1.1122 37.9017
555 41.1114 1.11214 37.9017
556 41.0935 1.11198 37.888
557 41.0764 1.11191 37.9017
558 41.0598 1.11186 37.9153
559 41.0431 1.11178 37.888
560 41.0255 1.1117 37.9017
561 41.0085 1.11161 37.9017
562 40.9901 1.11152 37.9017
563 40.9729 1.11144 37.9153
564 40.9557 1.11139 37.888
565 40.9371 1.11139 37.8607
566 40.9195 1.11126 37.8743
567 40.9036 1.11118 37.8743
568 40.8861 1.11104 37.8743
569 40.8698 1.11101 37.8743
570 40.8538 1.11095 37.8743
571 40.8361 1.1109 37.8743
572 40.8192 1.11085 37.8743
573 40.8028 1.11082 37.888
574 40.7856 1.11078 37.847
575 40.7694 1.11072 37.8743
576 40.7531 1.11061 37.8743
577 40.7368 1.11062 37.847
578 40.7202 1.11051 37.8743
579 40.7043 1.11045 37.888
580 40.6875 1.11031 37.8743
581 40.6714 1.11017 37.8607
582 40.6551 1.11009 37.8743
583 40.6384 1.11005 37.8607
584 40.6224 1.11002 37.8743
585 40.6065 1.10991 37.8743
586 40.591 1.10983 37.847
587 40.5743 1.10976 37.8334
588 40.5582 1.10966 37.847
589 40.5419 1.10955 37.8334
590 40.5256 1.10943 37.8743
591 40.5089 1.1094 37.847
592 40.492 1.10936 37.847
593 40.4765 1.10928 37.847
594 40.4599 1.10916 37.8334
595 40.4433 1.10908 37.8197
596 40.4278 1.10904 37.847
597 40.4113 1.10898 37.847
598 40.3947 1.10894 37.847
599 40.3796 1.10883 37.8197


0 36.1732 3.10395 5.46133
1 35.9719 1.84033 5.46133
2 31.5937 1.57504 5.46133
3 28.7563 1.43615 5.46133
4 25.8958 1.2843 5.46133
5 23.8996 1.1839 5.46133
6 22.3312 1.0902 5.46133
7 21.0083 1.02009 5.46133
8 19.8877 0.95319 5.46133
9 19.0277 0.911509 5.46133
10 18.2503 0.870314 5.46133
11 17.5351 0.849603 5.46133
12 16.8801 0.802344 5.46133
13 16.3561 0.777605 5.46133
14 15.8719 0.761901 5.46133
15 15.4775 0.743899 5.46133
16 15.0303 0.72243 5.46133
17 14.7837 0.705085 5.46133
18 14.451 0.693068 5.46133
19 14.1997 0.671751 5.46133
20 13.8362 0.658859 5.46133
21 13.6236 0.64719 5.46133
22 13.4048 0.638471 5.46133
23 13.2301 0.631121 5.46133
24 13.057 0.623746 5.46133
25 12.8619 0.609674 5.46133
26 12.6441 0.603618 5.46133
27 12.479 0.595816 5.46133
28 12.3054 0.583913 5.46133
29 12.1882 0.577199 5.46133
30 12.0789 0.570645 5.46133
31 11.9456 0.566535 5.46133
32 11.8149 0.563869 5.46133
33 11.6943 0.556961 5.46133
34 11.5514 0.54833 5.46133
35 11.4126 0.542391 5.46133
36 11.3581 0.543124 5.46133
37 11.2523 0.539074 5.46133
38 11.1807 0.535113 5.46133
39 11.1187 0.533453 5.46133
40 11.0506 0.532694 5.46133
41 10.9272 0.523587 5.46133
42 10.8733 0.519064 5.46133
43 10.7831 0.514026 5.46133
44 10.7219 0.509201 5.46133
45 10.6728 0.506434 5.46133
46 10.6154 0.503435 5.46133
47 10.5334 0.500475 5.46133
48 10.4852 0.493537 5.46133
49 10.4196 0.494793 5.46133
50 10.3663 0.491018 5.46133
51 10.299 0.487538 5.46133
52 10.2599 0.485432 5.46133
53 10.1903 0.481652 5.46133
54 10.1496 0.478333 5.46133
55 10.1029 0.480895 5.46133
56 10.0385 0.47755 5.46133
57 9.99678 0.47542 5.46133
58 9.95059 0.474227 5.46133
59 9.89766 0.467928 5.46133
60 9.85422 0.465973 5.46133
61 9.78909 0.461583 5.46133
62 9.77052 0.460191 5.46133
63 9.71165 0.45747 5.46133
64 9.68196 0.456536 5.46133
65 9.62785 0.45437 5.46133
66 9.58789 0.453053 5.46133
67 9.56077 0.452527 5.46133
68 9.53139 0.450193 5.46133
69 9.49702 0.447265 5.46133
70 9.46083 0.444201 5.46133
71 9.41996 0.442634 5.46133
72 9.37428 0.440771 5.46133
73 9.345 0.44051 5.46133
74 9.31107 0.437943 5.46133
75 9.2714 0.437332 5.46133
76 9.24808 0.434813 5.46133
77 9.22288 0.434838 5.46133
78 9.20084 0.432633 5.46133
79 9.16374 0.43176 5.46133
80 9.13677 0.429922 5.46133
81 9.11072 0.429088 5.46133
82 9.10049 0.427872 5.46133
83 9.04644 0.426987 5.46133
84 9.02219 0.425898 5.46133
85 9.00839 0.423887 5.46133
86 8.99131 0.42081 5.46133
87 8.953 0.418524 5.46133
88 8.94086 0.417835 5.46133
89 8.91259 0.417223 5.46133
90 8.88768 0.416853 5.46133
91 8.84783 0.413817 5.46133
92 8.83125 0.413401 5.46133
93 8.81776 0.413173 5.46133
94 8.78837 0.411211 5.46133
95 8.7628 0.409562 5.46133
96 8.74053 0.409279 5.46133
97 8.72505 0.40832 5.46133
98 8.68884 0.406937 5.46133
99 8.6796 0.406455 5.46133
100 8.67095 0.405243 5.46133
101 8.6355 0.404649 5.46133
102 8.61509 0.403583 5.46133
103 8.59831 0.402831 5.46133
104 8.59427 0.402275 5.46133
105 8.58096 0.40175 5.46133
106 8.55615 0.400122 5.46133
107 8.52861 0.399264 5.46133
108 8.51699 0.397974 5.46133
109 8.50263 0.398461 5.46133
110 8.48171 0.397636 5.46133
111 8.47045 0.39652 5.46133
112 8.45254 0.395535 5.46133
113 8.44115 0.394532 5.46133
114 8.41762 0.393715 5.46133
115 8.41347 0.392672 5.46133
116 8.38556 0.391915 5.46133
117 8.3698 0.390967 5.46133
118 8.35092 0.390945 5.46133
119 8.32662 0.390305 5.46133
120 8.31165 0.38873 5.46133
121 8.29693 0.387028 5.46133
122 8.27629 0.388778 5.46133
123 8.25833 0.38717 5.46133
124 8.24739 0.385378 5.46133
125 8.22749 0.385416 5.46133
126 8.20748 0.384417 5.46133
127 8.19073 0.383784 5.46133
128 8.18835 0.384032 5.46133
129 8.17508 0.383361 5.46133
130 8.1615 0.382472 5.46133
131 8.14564 0.381044 5.46133
132 8.13556 0.381195 5.46133
133 8.12546 0.380211 5.46133
134 8.10731 0.379873 5.46133
135 8.09538 0.380531 5.46133
136 8.0801 0.379028 5.46133
137 8.07025 0.378443 5.46133
138 8.05534 0.377324 5.46133
139 8.03719 0.376139 5.46133
140 8.01644 0.37504 5.46133
141 8.01331 0.374844 5.46133
142 7.99324 0.374232 5.46133
143 7.98182 0.374212 5.46133
144 7.9684 0.374259 5.46133
145 7.95764 0.371876 5.46133
146 7.94067 0.371486 5.46133
147 7.93844 0.371613 5.46133
148 7.91371 0.371009 5.46133
149 7.90628 0.370337 5.46133
150 7.9019 0.370617 5.46133
151 7.8918 0.370049 5.46133
152 7.87614 0.36967 5.46133
153 7.87151 0.369039 5.46133
154 7.85367 0.368244 5.46133
155 7.83833 0.368601 5.46133
156 7.8256 0.367679 5.46133
157 7.80964 0.367109 5.46133
158 7.80243 0.366947 5.46133
159 7.79562 0.367094 5.46133
160 7.77787 0.365868 5.46133
161 7.76573 0.365745 5.46133
162 7.75384 0.365361 5.46133
163 7.74735 0.365593 5.46133
164 7.7271 0.364298 5.46133
165 7.72611 0.363404 5.46133
166 7.70912 0.362205 5.46133
167 7.70031 0.361413 5.46133
168 7.68891 0.360822 5.46133
169 7.68538 0.360962 5.46133
170 7.67944 0.360421 5.46133
171 7.67366 0.36043 5.46133
172 7.65413 0.360267 5.46133
173 7.64566 0.358929 5.46133
174 7.63229 0.357939 5.46133
175 7.63517 0.357696 5.46133
176 7.62756 0.357768 5.46133
177 7.60671 0.356549 5.46133
178 7.60985 0.357205 5.46133
179 7.59635 0.356312 5.46133
180 7.58641 0.355911 5.46133
181 7.58151 0.355956 5.46133
182 7.56334 0.355169 5.46133
183 7.55583 0.355558 5.46133
184 7.55113 0.354067 5.46133
185 7.52784 0.353715 5.46133
186 7.53343 0.354185 5.46133
187 7.52338 0.353013 5.46133
188 7.52662 0.353364 5.46133
189 7.50886 0.352186 5.46133
190 7.49949 0.352119 5.46133
191 7.49309 0.351657 5.46133
192 7.48362 0.351171 5.46133
193 7.4768 0.350761 5.46133
194 7.46489 0.350219 5.46133
195 7.46089 0.349726 5.46133
196 7.44654 0.348855 5.46133
197 7.44253 0.349024 5.46133
198 7.4361 0.348103 5.46133
199 7.42738 0.347773 5.46133
200 7.42058 0.347881 5.46133
201 7.41394 0.347327 5.46133
202 7.40813 0.34712 5.46133
203 7.39652 0.346394 5.46133
204 7.39292 0.3461 5.46133
205 7.38141 0.345988 5.46133
206 7.37835 0.346164 5.46133
207 7.35939 0.345449 5.46133
208 7.36102 0.34548 5.46133
209 7.347 0.344849 5.46133
210 7.33596 0.344127 5.46133
211 7.33231 0.344113 5.46133
212 7.31635 0.343677 5.46133
213 7.31345 0.343691 5.46133
214 7.30466 0.343877 5.46133
215 7.29925 0.343375 5.46133
216 7.29634 0.343311 5.46133
217 7.28825 0.343166 5.46133
218 7.28309 0.342806 5.46133
219 7.27279 0.342698 5.46133
220 7.27253 0.342724 5.46133
221 7.26734 0.342554 5.46133
222 7.2566 0.342319 5.46133
223 7.24095 0.341416 5.46133
224 7.23856 0.341426 5.46133
225 7.23085 0.340987 5.46133
226 7.22795 0.341191 5.46133
227 7.22504 0.341443 5.46133
228 7.22004 0.341293 5.46133
229 7.20999 0.340068 5.46133
230 7.20491 0.340709 5.46133
231 7.19207 0.340018 5.46133
232 7.1878 0.339523 5.46133
233 7.18046 0.339706 5.46133
234 7.16554 0.339002 5.46133
235 7.16376 0.33897 5.46133
236 7.1538 0.339044 5.46133
237 7.15135 0.338311 5.46133
238 7.14411 0.338514 5.46133
239 7.132 0.337608 5.46133
240 7.12751 0.338153 5.46133
241 7.11785 0.337077 5.46133
242 7.11328 0.337069 5.46133
243 7.10609 0.336805 5.46133
244 7.09671 0.336284 5.46133
245 7.09726 0.336226 5.46133
246 7.08261 0.335171 5.46133
247 7.0761 0.335668 5.46133
248 7.07432 0.33582 5.46133
249 7.06534 0.335273 5.46133
250 7.0611 0.335219 5.46133
251 7.05957 0.335359 5.46133
252 7.04756 0.33481 5.46133
253 7.05097 0.335499 5.46133
254 7.03692 0.334295 5.46133
255 7.03042 0.334188 5.46133
256 7.02623 0.333767 5.46133
257 7.02209 0.333957 5.46133
258 7.01597 0.333391 5.46133
259 7.00728 0.333617 5.46133
260 7.00328 0.333492 5.46133
261 6.99929 0.33429 5.46133
262 6.99322 0.332922 5.46133
263 6.98966 0.332937 5.46133
264 6.9806 0.332569 5.46133
265 6.97935 0.332566 5.46133
266 6.97084 0.332091 5.46133
267 6.96495 0.332261 5.46133
268 6.96128 0.331593 5.46133
269 6.95537 0.331367 5.46133
270 6.94657 0.33103 5.46133
271 6.94035 0.330509 5.46133
272 6.9345 0.330583 5.46133
273 6.92816 0.330639 5.46133
274 6.91968 0.330229 5.46133
275 6.91576 0.330151 5.46133
276 6.90984 0.329954 5.46133
277 6.9014 0.329298 5.46133
278 6.90279 0.330292 5.46133
279 6.89436 0.329654 5.46133
280 6.89099 0.329124 5.46133
281 6.88277 0.329007 5.46133
282 6.88198 0.328952 5.46133
283 6.87374 0.328412 5.46133
284 6.8678 0.328395 5.46133
285 6.85971 0.328004 5.46133
286 6.85655 0.327996 5.46133
287 6.85329 0.327893 5.46133
288 6.84248 0.327447 5.46133
289 6.8346 0.327431 5.46133
290 6.83389 0.327146 5.46133
291 6.83322 0.327263 5.46133
292 6.82492 0.326917 5.46133
293 6.81935 0.326875 5.46133
294 6.80911 0.326209 5.46133
295 6.81108 0.325787 5.46133
296 6.79845 0.325833 5.46133
297 6.80026 0.32625 5.46133
298 6.78528 0.325744 5.46133
299 6.77985 0.324718 5.46133
300 6.78681 0.324787 5.46133
301 6.77679 0.324079 5.46133
302 6.77665 0.32406 5.46133
303 6.77398 0.323215 5.46133
304 6.77128 0.323401 5.46133
305 6.76355 0.322651 5.46133
306 6.76779 0.324015 5.46133
307 6.75761 0.3226 5.46133
308 6.75242 0.322793 5.46133
309 6.75209 0.321287 5.46133
310 6.74476 0.321786 5.46133
311 6.74686 0.321555 5.46133
312 6.73679 0.321116 5.46133
313 6.73176 0.321088 5.46133
314 6.72917 0.321004 5.46133
315 6.72902 0.320556 5.46133
316 6.71663 0.320369 5.46133
317 6.71164 0.320187 5.46133
318 6.70909 0.320264 5.46133
319 6.70164 0.319814 5.46133
320 6.6968 0.319804 5.46133
321 6.6918 0.31962 5.46133
322 6.68218 0.319151 5.46133
323 6.67749 0.319289 5.46133
324 6.67514 0.31884 5.46133
325 6.6754 0.318891 5.46133
326 6.67041 0.3187 5.46133
327 6.65845 0.318081 5.46133
328 6.66331 0.317824 5.46133
329 6.65368 0.318643 5.46133
330 6.65126 0.318017 5.46133
331 6.64203 0.317618 5.46133
332 6.64244 0.317544 5.46133
333 6.63313 0.316516 5.46133
334 6.63325 0.317325 5.46133
335 6.6265 0.316776 5.46133
336 6.61946 0.316772 5.46133
337 6.61701 0.316698 5.46133
338 6.6099 0.316304 5.46133
339 6.60758 0.316347 5.46133
340 6.6032 0.31619 5.46133
341 6.59847 0.316018 5.46133
342 6.59395 0.31645 5.46133
343 6.5892 0.315673 5.46133
344 6.587 0.315761 5.46133
345 6.5777 0.315243 5.46133
346 6.57323 0.315291 5.46133
347 6.57331 0.314284 5.46133
348 6.56908 0.314956 5.46133
349 6.56703 0.31443 5.46133
350 6.56033 0.314413 5.46133
351 6.55812 0.314166 5.46133
352 6.54894 0.314796 5.46133
353 6.54229 0.313912 5.46133
354 6.54722 0.313814 5.46133
355 6.54056 0.313519 5.46133
356 6.53857 0.313125 5.46133
357 6.52955 0.313512 5.46133
358 6.52511 0.313646 5.46133
359 6.52548 0.31243 5.46133
360 6.51638 0.312607 5.46133
361 6.51664 0.312486 5.46133
362 6.51958 0.313318 5.46133
363 6.50839 0.312048 5.46133
364 6.51137 0.312019 5.46133
365 6.50481 0.311705 5.46133
366 6.49838 0.311699 5.46133
367 6.49642 0.311654 5.46133
368 6.49932 0.311794 5.46133
369 6.4975 0.311368 5.46133
370 6.49119 0.311094 5.46133
371 6.48691 0.310812 5.46133
372 6.4805 0.310688 5.46133
373 6.47865 0.310634 5.46133
374 6.47433 0.310434 5.46133
375 6.4773 0.310839 5.46133
376 6.47092 0.3111 5.46133
377 6.46679 0.310448 5.46133
378 6.46264 0.310279 5.46133
379 6.45396 0.310288 5.46133
380 6.45925 0.310225 5.46133
381 6.45286 0.309962 5.46133
382 6.44404 0.309465 5.46133
383 6.44247 0.309559 5.46133
384 6.43611 0.309313 5.46133
385 6.43449 0.309283 5.46133
386 6.42845 0.3091 5.46133
387 6.42674 0.308983 5.46133
388 6.42285 0.308851 5.46133
389 6.42579 0.308879 5.46133
390 6.42199 0.3085 5.46133
391 6.42029 0.307863 5.46133
392 6.42352 0.307894 5.46133
393 6.41267 0.307657 5.46133
394 6.40869 0.306891 5.46133
395 6.40929 0.306742 5.46133
396 6.40775 0.307954 5.46133
397 6.40394 0.306415 5.46133
398 6.39558 0.306765 5.46133
399 6.39381 0.30665 5.46133
400 6.38325 0.306711 5.46133
401 6.38863 0.305861 5.46133
402 6.38034 0.306004 5.46133
403 6.38138 0.305596 5.46133
404 6.37547 0.30598 5.46133
405 6.37192 0.305851 5.46133
406 6.36841 0.30572 5.46133
407 6.36013 0.305879 5.46133
408 6.359 0.305227 5.46133
409 6.36213 0.305613 5.46133
410 6.35655 0.305451 5.46133
411 6.34817 0.304965 5.46133
412 6.34684 0.304533 5.46133
413 6.34573 0.304985 5.46133
414 6.33763 0.304445 5.46133
415 6.33185 0.304361 5.46133
416 6.33737 0.30491 5.46133
417 6.33144 0.304362 5.46133
418 6.32784 0.303671 5.46133
419 6.32875 0.304645 5.46133
420 6.323 0.304782 5.46133
421 6.32382 0.304457 5.46133
422 6.32016 0.303914 5.46133
423 6.31898 0.304427 5.46133
424 6.31295 0.304186 5.46133
425 6.30962 0.304066 5.46133
426 6.30608 0.303937 5.46133
427 6.30041 0.303716 5.46133
428 6.29682 0.303449 5.46133
429 6.29555 0.303562 5.46133
430 6.29214 0.303439 5.46133
431 6.28876 0.303292 5.46133
432 6.28301 0.303077 5.46133
433 6.28393 0.303152 5.46133
434 6.27378 0.302728 5.46133
435 6.2749 0.302791 5.46133
436 6.27132 0.302659 5.46133
437 6.26781 0.302535 5.46133
438 6.26681 0.302664 5.46133
439 6.26108 0.302312 5.46133
440 6.2578 0.302179 5.46133
441 6.25439 0.302056 5.46133
442 6.25354 0.301872 5.46133
443 6.24573 0.301799 5.46133
444 6.24451 0.301696 5.46133
445 6.24133 0.301578 5.46133
446 6.23801 0.301455 5.46133
447 6.23674 0.301434 5.46133
448 6.23349 0.301438 5.46133
449 6.22782 0.301066 5.46133
450 6.22437 0.300945 5.46133
451 6.22102 0.300822 5.46133
452 6.2222 0.300586 5.46133
453 6.2145 0.300583 5.46133
454 6.20888 0.300362 5.46133
455 6.20569 0.300247 5.46133
456 6.20216 0.300183 5.46133
457 6.20119 0.300095 5.46133
458 6.196 0.299762 5.46133
459 6.19735 0.299984 5.46133
460 6.19187 0.299756 5.46133
461 6.1908 0.299472 5.46133
462 6.18536 0.299509 5.46133
463 6.18221 0.299397 5.46133
464 6.18132 0.299392 5.46133
465 6.17605 0.299174 5.46133
466 6.17309 0.299062 5.46133
467 6.172 0.298985 5.46133
468 6.16689 0.298836 5.46133
469 6.16806 0.299065 5.46133
470 6.16043 0.298595 5.46133
471 6.15723 0.298479 5.46133
472 6.15858 0.298389 5.46133
473 6.14888 0.298033 5.46133
474 6.14803 0.29815 5.46133
475 6.14502 0.298039 5.46133
476 6.14208 0.297931 5.46133
477 6.1389 0.297899 5.46133
478 6.13363 0.297479 5.46133
479 6.13269 0.297587 5.46133
480 6.12962 0.297479 5.46133
481 6.12447 0.296987 5.46133
482 6.12575 0.297497 5.46133
483 6.11837 0.297123 5.46133
484 6.11758 0.297571 5.46133
485 6.11917 0.297139 5.46133
486 6.10963 0.296725 5.46133
487 6.10878 0.296704 5.46133
488 6.10592 0.296604 5.46133
489 6.10078 0.296411 5.46133
490 6.10013 0.296284 5.46133
491 6.09504 0.296785 5.46133
492 6.09434 0.296189 5.46133
493 6.08937 0.295986 5.46133
494 6.08855 0.29597 5.46133
495 6.08567 0.295948 5.46133
496 6.08481 0.295989 5.46133
497 6.08195 0.295755 5.46133
498 6.07254 0.295422 5.46133
499 6.07624 0.295023 5.46133
500 6.06689 0.295288 5.46133
501 6.07072 0.29534 5.46133
502 6.06558 0.295129 5.46133
503 6.06278 0.295027 5.46133
504 6.06016 0.294933 5.46133
505 6.05272 0.294962 5.46133
506 6.05218 0.294635 5.46133
507 6.04942 0.294535 5.46133
508 6.05322 0.294159 5.46133
509 6.04621 0.294385 5.46133
510 6.0435 0.294336 5.46133
511 6.03847 0.294079 5.46133
512 6.03792 0.294141 5.46133
513 6.03499 0.294036 5.46133
514 6.03218 0.293934 5.46133
515 6.02929 0.293827 5.46133
516 6.02651 0.293726 5.46133
517 6.02376 0.293626 5.46133
518 6.02314 0.29376 5.46133
519 6.01386 0.293111 5.46133
520 6.01765 0.293432 5.46133
521 6.00843 0.29292 5.46133
522 6.00791 0.293044 5.46133
523 6.00941 0.293263 5.46133
524 6.00242 0.292716 5.46133
525 6.00612 0.293176 5.46133
526 5.99906 0.293262 5.46133
527 5.99646 0.292645 5.46133
528 5.99815 0.292266 5.46133
529 5.99127 0.292449 5.46133
530 5.98866 0.292358 5.46133
531 5.98799 0.29205 5.46133
532 5.98307 0.292162 5.46133
533 5.9826 0.291975 5.46133
534 5.97789 0.291971 5.46133
535 5.9774 0.29211 5.46133
536 5.9727 0.29178 5.46133
537 5.97222 0.291791 5.46133
538 5.96977 0.291823 5.46133
539 5.96075 0.291069 5.46133
540 5.96259 0.291416 5.46133
541 5.9601 0.291717 5.46133
542 5.95957 0.291078 5.46133
543 5.95264 0.291108 5.46133
544 5.95212 0.29104 5.46133
545 5.94307 0.290426 5.46133
546 5.94685 0.290852 5.46133
547 5.94207 0.291037 5.46133
548 5.93956 0.290441 5.46133
549 5.93915 0.290568 5.46133
550 5.93638 0.290464 5.46133
551 5.9339 0.29038 5.46133
552 5.9293 0.2902 5.46133
553 5.93101 0.290427 5.46133
554 5.92639 0.290104 5.46133
555 5.92383 0.290013 5.46133
556 5.92339 0.290143 5.46133
557 5.91879 0.289822 5.46133
558 5.91427 0.289522 5.46133
559 5.91612 0.289377 5.46133
560 5.91145 0.289556 5.46133
561 5.909 0.289466 5.46133
562 5.90635 0.289384 5.46133
563 5.90174 0.289188 5.46133
564 5.90353 0.28892 5.46133
565 5.90509 0.288802 5.46133
566 5.90043 0.288476 5.46133
567 5.89813 0.288392 5.46133
568 5.89562 0.288296 5.46133
569 5.89327 0.288214 5.46133
570 5.89096 0.288131 5.46133
571 5.8884 0.288041 5.46133
572 5.88597 0.287954 5.46133
573 5.88149 0.288096 5.46133
574 5.88537 0.288244 5.46133
575 5.87879 0.287702 5.46133
576 5.87644 0.287614 5.46133
577 5.87833 0.287742 5.46133
578 5.87169 0.287461 5.46133
579 5.86729 0.28715 5.46133
580 5.86698 0.28727 5.46133
581 5.86677 0.28691 5.46133
582 5.86231 0.287095 5.46133
583 5.86201 0.287114 5.46133
584 5.85759 0.28693 5.46133
585 5.85531 0.286393 5.46133
586 5.85729 0.286299 5.46133
587 5.85699 0.286316 5.46133
588 5.85255 0.286126 5.46133
589 5.85231 0.285642 5.46133
590 5.84364 0.285962 5.46133
591 5.84544 0.285867 5.46133
592 5.843 0.285782 5.46133
593 5.84077 0.286275 5.46133
594 5.84047 0.285713 5.46133
595 5.84019 0.285791 5.46133
596 5.83373 0.285445 5.46133
597 5.83136 0.285361 5.46133
598 5.82896 0.285277 5.46133
599 5.83099 0.285152 5.46133