-1.25379
-1.31706
-1.35934
-1.40369
-1.45213
-1.46838
-1.49015
-1.52982
-1.54734
-1.54374
-1.5151
-1.50168
-1.47885
-1.46569
-1.45535
-1.43385
-1.43082
-1.4285
-1.42405
-1.41974
-1.41416
-1.39821
-1.37837
-1.34903
-1.31275
-1.28443
-1.26137
-1.23421
-1.22993
-1.23186
-1.23056
-1.2557
-1.25892
-1.28176
-1.2995
-1.32172
-1.33936
-1.36
-1.37535
-1.40598
-1.44386
-1.48536
-1.49597
-1.50665
-1.51789
-1.52365
-1.51626
-1.50083
-1.49396
-1.47913
-1.46594
-1.45834
-1.45699
-1.46359
-1.46081
-1.47275
-1.48231
-1.49365
-1.50842
-1.50931
-1.51479
-1.51037
-1.50082
-1.46372
-1.42218
-1.38807
-1.35497
-1.33827
-1.32462
-1.30947
-1.29167
-1.27813
-1.25905
-1.2352
-1.19668
-1.15163
-1.09634
-1.01952
-0.934614
-0.841756
-0.739579
-0.629011
-0.503793
-0.365928
-0.22708
-0.0759055
0.0570202
0.17863
0.280075
0.396796
0.489542
0.576566
0.667418
0.768698
0.849983
0.94114
1.01693
1.08392
1.12418
1.16752
1.20051
1.19215
1.1493
1.10413
1.04368
0.995446
0.963386
0.91474
0.867046
0.87938
0.853402
0.848052
0.834106
0.879073
0.878138
0.903831
0.973974
1.04235
1.10109
1.13848
1.16667
1.17067
1.16452
1.15285
1.1283
1.08901
1.04633
1.01239
0.976087
0.934269
0.912729
0.896998
0.87114
0.873749
0.868815
0.895845
0.894481
0.912166
0.920994
0.986562
1.07055
1.1272
1.18458
1.2596
1.32634
1.39234
1.42391
1.44547
1.48971
1.50931
1.51041
1.51506
1.50239
1.49055
1.45087
1.41698
1.37914
1.34128
1.30983
1.28911
1.28367
1.29246
1.30826
1.31803
1.34606
1.36226
1.38267
1.38286
1.36918
1.36521
1.34019
1.31275
1.26717
1.22278
1.17062
1.12524
1.09895
1.0653
1.04454
1.02648
1.04118
0.996985
1.00377
1.01563
1.0399
1.0589
1.07228
1.0755
1.07309
1.06212
1.04723
1.04958
1.02139
1.00562
1.00464
1.01055
1.04755
1.07371
1.09664
1.1245
1.16477
1.2053
1.24811
1.28563
1.31021
1.32658
1.33121
1.3268
1.33136
1.34525
1.36454
1.38654
1.41138
1.43936
1.46716
1.48504
1.49325
1.49463
1.5053
1.51082
1.51875
1.52404
1.52358
1.5232
1.5195
1.51055
1.51874
1.5174
1.49516
1.47361
1.45039
1.43019
1.40899
1.3967
1.38846
1.38385
1.40842
1.43203
1.43821
1.46154
1.47025
1.45064
1.44091
1.42202
1.3863
1.35445
1.32192
1.29895
1.27187
1.25119
1.25188
1.25012
1.28181
1.30382
1.32757
1.32474
1.29608
1.27192
1.2466
1.19863
1.14935
1.10445
1.08181
1.07444
1.05288
1.06029
1.05341
1.03554
1.04889
1.07858
1.09804
1.12248
1.14796
1.17816
1.20485
1.2275
1.24287
1.26714
1.29169
1.3087
1.32066
1.31903
1.30859
1.29078
1.26755
1.27426
1.25961
1.25357
1.27357
1.30459
1.31468
1.32821
1.36675
1.40028
1.4381
1.47314
1.48773
1.52529
1.53871
1.55858
1.56369
1.57417
1.59549
1.58834
1.57777
1.58847
1.59892
1.60153
1.60589
1.61181
1.6052
1.61674
1.62599
1.62152
1.60249
1.60647
1.61596
1.61245
1.57119
1.53127
1.49174
1.44302
1.39602
1.35982
1.33498
1.32178
1.31476
1.28778
1.28695
1.28606
1.30864
1.32938
1.34625
1.36354
1.36563
1.37424
1.37516
1.3672
1.35163
1.32893
1.31017
1.32273
1.31453
1.31884
1.33084
1.33552
1.34952
1.3538
1.35333
1.35116
1.34206
1.2926
1.20687
1.12106
1.03817
0.905926
0.793502
0.667749
0.528692
0.420776
0.324212
0.235104
0.148059
0.0679774
-0.00521353
-0.0772036
-0.144218
-0.221435
-0.312812
-0.397663
-0.47572
-0.577857
-0.677247
-0.772821
-0.864269
-0.979525
-1.0961
-1.18502
-1.25581
-1.32475
-1.35627
-1.38857
-1.40285
-1.39537
-1.37685
-1.31982
-1.25555
-1.18678
-1.12152
-1.09087
-1.03774
-1.02148
-0.991671
-0.960817
-0.931333
-0.94527
-1.00616
-1.01267
-1.03344
-1.08079
-1.11332
-1.12432
-1.13196
-1.12693
-1.12313
-1.12289
-1.12944
-1.13897
-1.13893
-1.15443
-1.19993
-1.23174
-1.26465
-1.29331
-1.32086
-1.35854
-1.37082
-1.38925
-1.40026
-1.40163
-1.41714
-1.40122
-1.37669
-1.37366
-1.34816
-1.32937
-1.33051
-1.33835
-1.35201
-1.37353
-1.4027
-1.42293
-1.43768
-1.45495
-1.45883
-1.46716
-1.4666
-1.47755
-1.46828
-1.47285
-1.45625
-1.44718
-1.40726
-1.37867
-1.32973
-1.27988
-1.23799
-1.18539
-1.12362
-1.07979
-1.0516
-1.02316
-1.01679
-1.02643
-1.00658
-1.04324
-1.09851
-1.14151
-1.18286
-1.2239
-1.27792
-1.32096
-1.3587
-1.3786
-1.38013
-1.37613
-1.36784
-1.35478
-1.33908
-1.31032
-1.2836
-1.24944
-1.21774
-1.17996
-1.15547
-1.11713
-1.10708
-1.10292
-1.11826
-1.14492
-1.15166
-1.14641
-1.16166
-1.18143
-1.20707
-1.21787
-1.23894
-1.25122
-1.25315
-1.24385
-1.26071
-1.27099
-1.29741
-1.31379
-1.3504
-1.38212
-1.41458
-1.43587
-1.44871
-1.46092
-1.45995
-1.45039
-1.43889
-1.42643
-1.41341
-1.40886
-1.39978
-1.39872
-1.40042
-1.4108
-1.42074
-1.43798
-1.46967
-1.48793
-1.50838
-1.52008
-1.53723
-1.556
-1.57909
-1.58594
-1.53894
-1.52272
-1.48242
-1.47493
-1.43523
-1.38137
-1.31851
-1.23556
-1.14204
-1.01278
-0.879144
-0.711333
-0.549221
-0.371847
-0.193911
-0.0480712
0.121055
0.279477
0.399403
0.502817
0.593027
0.666542
0.725946
0.793479
0.87969
0.94288
1.01497
1.07662
1.13049
1.18004
1.21793
1.25365
1.28459
1.32095
1.35092
1.37954
1.41837
1.45888
1.4936
1.50365
1.53356
1.54153
1.5573
1.55505
1.5591
1.55582
1.56854
1.57784
1.59132
1.61385
1.63876
1.67188
1.6737
1.69018
1.68749
1.69551
1.69346
1.70381
1.69413
1.6672
1.66131
1.66986
1.66094
1.65351
1.6495
1.61374
1.54303
1.48373
1.40957
1.33831
1.26825
1.21614
1.14675
1.11096
1.07934
1.05921
1.03155
1.02734
1.00941
0.98009
0.958338
0.932167
0.878904
0.819023
0.728976
0.631548
0.517934
0.413823
0.330661
0.235432
0.149828
0.0473951
-0.0589741
-0.173333
-0.289982
-0.423643
-0.561375
-0.724651
-0.877016
-1.02017
-1.1494
-1.26703
-1.33517
-1.43975
-1.50453
-1.52314
-1.54084
-1.54982
-1.52273
-1.52708
-1.50964
-1.48958
-1.47004
-1.45138
-1.42698
-1.42195
-1.41836
-1.42231
-1.42007
-1.41907
-1.41824
-1.41416
-1.41513
-1.4205
-1.42784
-1.44791
-1.46612
-1.49081
-1.50987
-1.53547
-1.54362
-1.54964
-1.55015
-1.57141
-1.57592
-1.57369
-1.57849
-1.59119
-1.55414
-1.54594
-1.52361
-1.49616
-1.46187
-1.42878
-1.39641
-1.37623
-1.3645
-1.35293
-1.33966
-1.33425
-1.33752
-1.33588
-1.34438
-1.35923
-1.37082
-1.37869
-1.39435
-1.40522
-1.41083
-1.41941
-1.41816
-1.40791
-1.40289
-1.42355
-1.43254
-1.44267
-1.47361
-1.50534
-1.52109
-1.53687
-1.53719
-1.54081
-1.52628
-1.51799
-1.49965
-1.47659
-1.45423
-1.44209
-1.44089
-1.44501
-1.45877
-1.48669
-1.51332
-1.543
-1.57556
-1.5953
-1.59331
-1.57921
-1.57836
-1.59096
-1.61324
-1.63479
-1.61911
-1.61473
-1.60893
-1.59614
-1.57918
-1.5479
-1.51808
-1.48454
-1.45855
-1.4094
-1.36454
-1.31597
-1.27061
-1.23572
-1.20962
-1.19439
-1.19827
-1.18365
-1.18598
-1.18349
-1.18903
-1.20819
-1.22946
-1.26281
-1.29474
-1.31523
-1.32879
-1.31704
-1.30795
-1.27927
-1.24277
-1.20992
-1.16989
-1.12775
-1.11617
-1.0764
-1.06679
-1.04713
-1.02293
-1.06056
-1.10812
-1.13973
-1.19154
-1.22557
-1.26595
-1.30145
-1.32138
-1.34193
-1.36164
-1.3731
-1.38235
-1.3903
-1.38961
-1.39228
-1.38662
-1.38502
-1.37575
-1.36627
-1.35643
-1.34042
-1.31975
-1.30034
-1.29024
-1.28084
-1.26946
-1.25354
-1.23225
-1.22992
-1.21112
-1.21054
-1.20708
-1.19774
-1.18168
-1.15742
-1.1336
-1.10522
-1.10109
-1.08943
-1.07737
-1.07652
-1.07396
-1.06152
-1.06422
-1.0788
-1.08664
-1.13963
-1.17058
-1.20816
