-0.890118
-0.980315
-1.18465
-1.43056
-1.194
-1.59428
-1.69956
-1.65506
-1.5298
-1.64136
-1.70346
-1.33155
-1.56475
-1.30612
-1.32712
-0.98881
-1.1867
-1.27902
-1.48592
-1.65427
-1.58003
-1.74565
-1.71772
-1.23033
-1.32626
-1.13339
-0.894021
-1.07446
-1.32703
-1.29244
-1.12274
-0.879048
-1.18657
-1.52856
-1.50707
-1.16736
-1.21047
-1.24444
-1.51907
-1.69051
-1.64433
-1.63645
-1.47665
-1.70224
-1.63192
-1.706
-1.79587
-1.73925
-1.55064
-1.30667
-1.07468
-1.08979
-1.19294
-1.3172
-1.72196
-1.51528
-1.44464
-1.31246
-1.40811
-1.44636
-1.62695
-1.72694
-1.66355
-1.64488
-1.43573
-1.47182
-1.14843
-1.08589
-1.04603
-1.07271
-1.37207
-1.11769
-1.1629
-1.3704
-1.68306
-1.18018
-1.08843
-0.943573
-0.857128
-0.897779
-0.903384
-0.782989
-0.499349
-0.320808
-0.207233
-0.105276
0.3855
0.294509
0.536062
0.49718
0.247317
0.53613
0.34923
0.359881
0.593534
0.832901
0.980857
0.898876
1.00596
1.25002
1.55983
1.50884
1.48391
1.12766
0.943086
0.692127
0.512782
0.536584
0.879605
0.7394
0.646526
0.602679
0.590756
0.574527
0.818299
0.630921
0.774902
0.838861
0.944739
1.14517
1.25125
1.24451
1.13414
1.03493
0.679033
0.878247
0.951902
1.05653
0.905385
0.709687
0.841025
0.547933
0.521421
0.820599
0.730042
0.706027
0.87344
0.584045
0.806004
0.854766
0.467583
0.787482
0.913411
1.37994
1.65872
1.74691
1.62706
1.43608
1.27995
1.59249
1.48354
1.72624
1.69403
1.64614
1.69189
1.65074
1.51103
1.15536
1.33045
1.3796
1.36664
1.0144
1.1144
1.43596
1.54214
1.59248
1.35588
1.39938
1.06112
1.27117
1.36153
1.46088
1.38667
1.51625
1.20622
0.825945
0.823176
0.948954
0.765719
0.434942
0.538136
0.934623
1.02218
0.571003
0.732852
1.11351
1.14789
1.1591
1.03849
1.13392
1.01104
1.07854
1.0233
0.758794
0.665773
0.716388
0.686582
0.909903
1.15654
1.16292
0.892458
1.07882
1.34792
1.58013
1.68075
1.50769
1.35794
1.17122
1.21473
1.37929
1.08267
1.28941
1.54161
1.67755
1.89389
1.52013
1.43907
1.86432
1.83772
1.60884
1.42547
1.39493
1.39776
1.69031
1.58105
1.89541
1.73756
1.64997
1.77402
1.61256
1.49861
1.14981
1.22956
1.31445
1.05125
1.2838
1.70778
1.27486
1.42158
1.26392
1.48033
1.82922
1.83095
2.02447
1.51384
1.42527
1.29098
1.06173
1.03587
1.09876
1.4353
1.24971
1.21941
1.16258
1.20922
1.47304
1.5137
1.26128
1.16777
1.18201
1.1525
1.1713
1.17323
1.26411
1.00876
0.861159
0.658638
0.477368
0.699667
0.76931
1.19072
1.18377
0.980455
1.03206
1.2205
1.19883
1.21948
1.0019
1.13151
1.08862
1.41768
1.38985
1.72208
1.6147
1.54476
1.10075
1.18881
1.48404
1.19198
1.02462
0.94116
1.37187
1.23285
1.47252
1.91602
1.80705
1.78517
1.7623
1.62349
1.63123
1.61475
1.87423
1.70763
1.67843
1.70307
1.73409
1.67555
1.51157
1.4865
1.77243
1.68653
1.58196
1.66462
1.89941
2.05111
2.16741
1.94806
1.73597
1.81305
1.78329
1.44665
1.39034
1.52719
1.2769
1.20828
1.14091
1.21464
1.3412
1.30418
1.54303
1.38186
1.17433
1.28002
1.58326
1.61243
1.48725
1.54254
1.33391
1.25124
1.09481
1.14955
1.58966
1.41455
1.18143
1.3689
1.37747
1.32849
1.5147
1.40306
1.30212
1.67777
1.70363
1.3897
1.25482
1.15433
0.965181
0.6148
0.341111
0.303505
0.176364
-0.0833263
-0.00391405
0.0378403
0.170641
0.239895
0.131001
-0.0942592
0.290771
-0.186618
-0.372709
-0.0388798
-0.133454
-0.662883
-0.76493
-0.661504
-1.05623
-0.945883
-1.10626
-1.32185
-1.66403
-1.73768
-1.66913
-1.73944
-1.68298
-1.61505
-1.56753
-1.10617
-1.13389
-1.0592
-0.826727
-0.56762
-0.363254
-0.333118
-0.234835
0.053243
-0.598054
-0.863717
-0.985035
-0.879861
-1.1522
-0.988074
-0.875913
-1.4771
-1.21534
-0.911299
-0.711171
-0.791931
-0.751786
-0.923494
-1.25237
-1.20222
-1.03879
-1.35108
-1.39457
-1.2293
-1.47971
-1.74894
-1.81063
-1.94675
-1.79669
-1.60976
-1.70634
-1.36781
-1.17134
-1.09883
-1.24202
-1.39252
-1.22603
-1.18754
-0.89742
-0.891158
-1.27756
-1.48048
-1.6527
-1.64174
-1.62338
-1.46128
-1.47042
-1.23104
-1.71063
-1.95925
-1.72023
-1.63533
-1.56563
-1.29611
-1.15705
-1.00536
-1.17636
-0.776505
-0.595387
-0.630291
-0.862737
-1.00091
-1.2997
-1.06072
-1.01558
-0.778801
-0.623427
-0.484051
-0.767843
-1.44252
-1.53977
-1.4413
-1.44388
-1.5285
-1.813
-1.68056
-1.22652
-1.24625
-1.5102
-1.31203
-1.04603
-1.19656
-0.549147
-0.710878
-0.938518
-0.912686
-0.586765
-0.778251
-0.963352
-0.925105
-0.81255
-1.03591
-0.896765
-1.26329
-1.68528
-1.48914
-1.53815
-1.26662
-1.01641
-0.866986
-0.843244
-1.01183
-1.17724
-1.30861
-1.35168
-1.73063
-1.59344
-1.5154
-1.34668
-1.35566
-1.57364
-1.57932
-1.76821
-1.38459
-1.435
-1.26424
-1.43392
-1.65705
-1.45405
-1.37222
-1.2862
-1.57204
-1.54278
-1.69321
-1.72099
-1.57755
-1.54432
-1.85998
-1.44909
-1.50723
-1.43562
-1.68518
-1.76958
-1.74438
-1.57095
-1.35926
-1.29275
-0.99835
-0.729518
-0.865354
-0.815034
-0.465248
-0.027035
-0.2036
0.0420179
0.0270876
0.386888
0.7438
0.904324
0.764719
0.597106
0.442202
0.722179
0.654296
0.514762
0.78099
1.12179
1.32474
1.48982
1.22559
1.50344
1.32663
1.25378
1.33724
1.56559
1.53242
1.52655
1.37479
1.93291
1.65846
1.72164
1.80316
2.10557
1.9559
1.59776
1.73753
1.93017
1.63626
1.78495
1.89403
1.89567
1.96626
2.40727
2.28557
2.08847
2.00055
2.04751
2.26021
2.26624
2.28689
1.86737
1.79385
1.64981
1.72079
1.86231
1.81789
1.59076
1.2896
1.21256
1.05185
1.17598
1.36889
1.19548
1.03277
0.883205
0.740728
0.845329
0.718996
0.862942
1.05082
1.17479
1.24055
1.20801
0.667125
0.290056
0.206333
0.265313
0.437837
0.643675
0.325956
-0.0495559
-0.0328695
0.157011
0.0451409
-0.0561352
0.0815102
-0.460817
-0.943181
-0.988651
-1.25511
-1.54484
-1.66402
-1.62147
-1.86252
-1.58045
-1.81425
-1.67849
-1.52621
-1.55592
-1.69358
-1.5114
-1.5294
-1.62223
-1.29962
-1.39487
-1.59924
-1.65111
-1.45795
-1.18984
-1.08705
-1.54496
-1.45818
-1.4261
-1.40046
-1.29953
-1.29248
-1.48668
-1.47489
-1.61932
-1.46206
-1.26115
-1.37525
-1.83831
-1.39286
-1.57349
-1.74088
-1.79139
-1.58363
-2.06921
-1.64272
-1.54251
-1.44909
-1.42462
-1.41353
-1.09653
-1.11373
-1.27159
-1.36581
-1.31968
-1.36653
-1.31023
-1.30178
-1.21102
-1.4634
-1.66531
-1.62376
-1.39498
-1.34163
-1.47366
-1.56682
-1.39891
-1.2848
-0.960907
-1.19097
-1.3983
-1.7402
-1.68824
-1.59083
-1.86222
-1.58648
-1.8006
-1.88618
-1.78078
-1.43755
-1.2854
-1.16053
-1.03959
-1.46914
-1.61984
-1.40733
-1.61113
-1.37247
-1.35636
-1.61806
-1.98757
-2.09631
-2.16738
-1.91851
-1.78341
-2.06459
-1.51316
-1.55213
-1.60681
-1.66807
-2.05746
-1.97231
-1.80734
-1.44166
-1.67721
-1.37016
-1.28036
-1.30201
-1.41913
-1.26252
-1.39351
-1.08177
-0.986147
-1.05309
-1.10967
-1.12837
-1.0505
-0.872997
-1.06367
-1.08321
-1.23717
-1.23923
-1.58583
-1.54695
-2.07238
-2.12009
-1.60498
-1.23395
-1.00707
-1.23346
-0.802812
-0.807723
-0.99064
-0.682269
-0.697905
-1.02567
-0.825726
-0.796388
-1.0049
-1.19856
-1.4286
-1.58272
-1.38026
-1.18197
-1.25575
-1.52769
-1.59327
-1.71073
-1.43784
-1.26907
-1.16696
-1.43931
-1.57106
-1.25077
-1.26239
-1.30601
-1.40592
-1.24763
-1.20167
-1.26481
-1.13271
-1.42223
-1.54444
-1.2698
-1.11682
-1.03248
-1.16684
-1.19797
-1.23973
-1.22742
-0.865195
-1.03799
-1.11878
-1.01292
-1.0908
-0.795864
-0.634126
-0.883789
-1.123
-1.07627
-1.04768
-1.05639
-1.10646
-1.19384
-1.33542
